FileName,nobs_pitch,mean_pitch,skew_pitch,kurtosis_pitch,median_pitch,mode_pitch,std_pitch,low_pitch,peak_pitch,q25_pitch,q75_pitch,iqr_pitch,Gender,nobs,mean,skew,kurtosis,median,mode,std,low,peak,q25,q75,iqr
2f8392c2dfa63d2a7fdfebc053f9eff02246387575e2050741e587840e336405f2aa4e329210d8f5396da7c234626bcbf1291c21d98c49542195a54f21a968c7.wav,431,98.61579586445669,1.2050978977871698,-0.0706564963185298,0.0,0.0,157.8375351501544,0.0,501.1048151230312,0.0,227.4963111688603,227.4963111688603,0,66,102.34848484848484,4.147523227434939,18.221900800367813,50.0,45.0,137.11922399362317,0.0,890.0,45.0,108.75,63.75
33f6f6793f00ed68593ce9560406006e7c9693faacccbbbd754161c4353e89b7f8828bc80040076b8a8940b71fd31836847c921d76bc3807f249b64c0a83f89d.wav,683,164.19910608901205,-0.4846004993446378,-1.6207277871065953,221.64204772535496,0.0,124.6852599975211,0.0,318.3324723687507,0.0,262.9400614649594,262.9400614649594,0,103,230.02629449838187,2.706937677308135,6.621952722219817,105.0,95.0,316.0398695792076,15.0,1660.0000000000002,85.0,180.0,95.0
06c73d5731753b0f9accd4b68494a7b677ba8db954c7f9940b47d338c541703c364ec8943e03aec07c674fbabcce99b17a29be469f53cc9ee4575b15596ee96e.wav,678,84.51378570358688,1.0875630965616472,0.0938380528995339,0.0,0.0,119.5464467715964,0.0,595.1069615567611,0.0,209.75981048789245,209.75981048789245,0,103,651.9336569579289,2.526110955715817,6.171770777394096,145.0,90.0,1096.607296260302,0.0,5115.0,90.0,795.0,705.0
52b40bf55615a1a76458fafa29e1225c0bed5b7df0f3a4426885c0d5b729cd4b3e7008c34d0b01c7bae70d0686ef04916c26fb636f0ad048f476cb3b7accdb73.wav,743,35.61026599070686,1.6701437393017524,1.343755981346459,0.0,0.0,69.71216804504498,0.0,257.9545528472375,0.0,0.0,0.0,0,112,337.1726190476191,2.990573877792219,9.371681451048698,212.5,400.0,444.8048238427451,0.0,2195.0,98.75,400.0,301.25
48081fddb6fe56d7238739344274f98f70f4a4335f37fc7195807dab1d361d9fe28361e12c2fdfd087c5acab35af7e2e06d7caf1f50296bc78d1aa92527f2ff1.wav,289,88.44156670384173,0.9540490945329524,-0.6736929726881762,0.0,0.0,125.15651929936594,0.0,393.4206129635792,0.0,221.361990566909,221.361990566909,0,44,139.550395256917,6.348442690014702,38.54723596501155,75.0,70.0,351.8169896218198,50.0,2440.0,70.0,95.0,25.0
112e543f79b69542c16339114596d6eaa881c592127217f7e8570837a91cb5852e748dc026ec30049906cea048ed601f13fde077394491b36b1268fc17cf9ac3.wav,405,65.86943456549017,1.0241323426448847,-0.8552871730698688,0.0,0.0,104.84803827191044,0.0,281.962094621754,0.0,174.60844512217363,174.60844512217363,0,62,143.38709677419354,7.266114441363717,52.73444710692527,75.0,40.0,408.45970918446193,20.0,3275.0000000000005,40.0,125.0,85.0
01bcc19990c832787c691256bed2020d1f58576e57695b3879896901eba9bac5e6029f88003961671788d8f37a575500c124661049200130fe9923dc5effe528.wav,232,101.37411684908832,-0.4365091384365137,-0.9661907663333,100.7900591069014,0.0,64.57012286923502,0.0,215.4966650559944,93.59035027934377,162.45280820074188,68.86245792139812,0,36,95.61507936507935,5.678938911014048,30.511605945685247,47.5,35.0,266.2931670465779,35.0,1665.0,35.0,55.0,20.0
0a668e1d707095cca69c34387f5ae077055ff8e79b80b50152647de0bf3a43af564839e826a2c5a21f488c17b98d41ec33081e029fd0c2792550a174ff16f5df.wav,368,62.56631036450356,1.0024466753404715,-0.5513542313467563,0.0,0.0,92.8233773603706,0.0,297.2300582153835,0.0,159.59153223279708,159.59153223279708,0,56,137.54464285714286,5.004532738772882,24.43361329306633,35.0,10.0,445.5778479039658,0.0,2780.0000000000005,10.0,66.25,56.25
14b99003e3578224c327132fc831080c77778c556fd79988b0f36a4867928cb949823a29dd56217df9bffc99e281e986f642b6140d0478230a02c170f6e296e6.wav,534,78.47614237457823,0.9646539634892788,-0.3989445012907153,0.0,0.0,108.28135411581944,0.0,379.115939577764,0.0,167.6989248284941,167.6989248284941,0,81,256.724537037037,4.108324195859419,17.278723164240255,215.0,305.0,322.2323360747778,30.0,1865.0,105.0,305.0,200.0
41076a3d5af9845cb5227e28258407bcfa1380cf645d5cfb2091ec3d74d78eed3e617b4f8878ccbc9c2c45f22cf7e318238fb7c0cfc28603e9669174d5bdf87b.wav,368,63.03816399433924,0.6170342923644249,-1.4316172872210078,0.0,0.0,81.59078158594403,0.0,223.2443640120725,0.0,152.68372743476814,152.68372743476814,0,56,217.5,4.086935222051249,16.539515387051654,105.0,50.0,444.2519796563336,0.0,2370.0,50.0,142.5,92.5
41a46bf0834f802493b8c1c44d917d87d02543b5005f1732fa2bb06043d946b324ef6a7b0b1fc94febdae504c7a14685c8705cb24002cba14052db00aeabf140.wav,870,43.45216630399325,1.541776174302651,1.1283788768556402,0.0,0.0,80.35367117932297,0.0,345.26356618528064,0.0,0.0,0.0,0,132,180.53030303030303,4.39899007815224,20.15260174621611,50.0,40.0,392.5756333110922,0.0,2525.0,40.0,161.25,121.25
4734a26759f6fd2fa227bde54bd9c79f31bf18d790b0790b81d2380c6ea707c0027035af75782cac2c21898bcc20a1ea83433c8470bd780968ec77e11de7d193.wav,769,65.54880802181475,1.9625565256687636,4.483509566961863,0.0,0.0,115.40993488718044,0.0,597.8035627147696,0.0,181.50498112428545,181.50498112428545,0,116,105.79085457271364,9.148383022780887,86.79453535600321,20.0,20.0,514.915333014263,10.0,5290.0,20.0,66.25,46.25
10ba6a83daa0dd5e7d273f4270606fc5912fb149f852a7f585c800f0f0146fbf3f7b327112a096d3aa30b21f55778d521a03f61e9809ac730727b847982ea74e.wav,853,49.91430348936005,1.7203723448790995,1.7144479818455831,0.0,0.0,100.52091203104534,0.0,504.0271425292329,0.0,0.0,0.0,0,129,329.3321407274896,4.427271258371388,24.3795010427364,153.84615384615387,165.0,545.1073618657438,0.0,4345.0,120.0,170.0,50.0
17d79f5957aed76826c5ec2bddde2678ab5cfbe637d9a3019e48d7ab26c3a31712eafd2cc3f991c4385120d84bde1174a0ce73e2b8642675d682824630eaa868.wav,450,69.9518000089828,0.658383912658714,-1.455098040712841,0.0,0.0,94.13479701593764,0.0,248.5906476559309,0.0,177.5336174608234,177.5336174608234,0,69,241.66666666666663,2.237148430782763,4.279203441497835,150.0,155.0,279.98921649352314,0.0,1260.0,60.0,235.00000000000003,175.00000000000003
3ca52c218b73557c55d61d006388696675232ddc0ead1e5fd8d7ab537863198effa0a24e212ec8331449fb4e9317d5929e0fbe12c5e2efb1fef92ec01ea75317.wav,270,107.91406721761496,-0.243844364077036,-1.8292973930018237,166.9411333017639,0.0,92.9081223079999,0.0,231.47929376882652,0.0,187.97920768691108,187.97920768691108,0,42,204.52380952380952,3.190014091633364,11.793631366530592,125.0,125.0,256.60978696542327,0.0,1470.0,67.5,193.75,126.25
6540c7ef17e272c3e15690807e4b614cd45d47d7d3016eac827ab986f237fa6bc58e329e31bb4f96cfc3ae8cf8497b1b34fea02f74905bb1b71d17c5fb7dff9d.wav,419,78.02650637903336,1.2901807058308432,1.7625071973980164,0.0,0.0,113.98170253053438,0.0,565.4744968504417,0.0,202.869210278946,202.869210278946,0,64,647.2829861111111,1.986230698006956,3.866982730764924,170.0,45.0,912.5572984144832,0.0,4175.0,70.0,1050.0,980.0
520ee6096c8fd709a003e52fdbe04ee04100c23277ed87b79daa0d5292aef29c77e193e72652e21c28c93924e37946199e0592da8328001db816528acd0e2fe6.wav,637,156.12294265431512,-0.910398747384634,-1.0013985727943462,206.9985493107046,0.0,97.26314666630816,0.0,323.5397732014321,0.0,221.7598463070588,221.7598463070588,0,97,324.03780068728526,3.209205317957613,8.649435626376142,75.0,70.0,774.8574060539032,40.0,3430.0,70.0,145.0,75.0
34f6f274a282eaa163bff8bd278d6770c025bee5f9e6159600848a4d2c5614be5cf61959d4bb1dec050d3ea38afb658d057ee5a69916c06a4e830cab7b498a32.wav,335,96.48384148267736,0.3329307466063376,-1.784101748483225,0.0,0.0,111.12450565565214,0.0,318.3965854983681,0.0,222.42724888950175,222.42724888950175,0,51,956.9195046439628,0.9302365522929976,-1.0963733504636075,105.0,70.0,1336.3351003568323,45.0,3270.0,75.0,2832.5,2757.5
204b4a467344f2081ba370238c1ccc18f636f3ef2861c00ebe663927ce59238ea52684b1db884854880c377abcd41134189e13a2c935abbeeb833dd6e997304f.wav,450,135.76702275457282,0.0947344826680517,-1.3265726431507014,200.97083120397957,0.0,124.91886276865084,0.0,422.0641489818801,0.0,222.5198201555561,222.5198201555561,0,69,419.6376811594203,2.0485419040797077,2.753309442771224,150.0,150.0,603.2468423315855,0.0,2270.0,135.0,340.0,205.0
566847f472103d7bc461b057cd016502384bb801924577bb06d172582d4036a5827cb37db15173f2dfda5f46f518b9048bb5373984f21796774813e297ef9c83.wav,606,109.09627131098212,0.6127313991787168,1.0293770189840936,167.5966206598327,0.0,106.03937544761308,0.0,585.4400644789138,0.0,188.01317336424628,188.01317336424628,0,92,399.4466403162056,1.6825238014300572,1.7239425516462816,155.0,50.0,509.3058412489714,15.0,2165.0,85.0,352.50000000000006,267.50000000000006
52fa25b952b06f4bcf6191b5cf925a528409bfa0ec8ee2fdc33790e71ea2c1136722f7784eceb6d04ece40115a2ebbe5d1e71c29ac4fb5716d06bf41d6c4a8e3.wav,227,71.28834590692841,0.918121269957849,-0.7767328491336167,0.0,0.0,102.05813514386402,0.0,300.3743239558784,0.0,168.28804060313,168.28804060313,0,35,220.3877551020408,0.863246868892953,-0.2389781881602091,170.0,100.0,138.41305307354935,55.0,605.0,107.5,352.5,245.0
4752007439ed3672fa6d93f4458921baa006c33b00c8c373ca9b8ee42f73da27d1d6db1ddefd5f0f203c2501fb2c61477b2c670de6b4d241cec3211646cb550d.wav,193,197.5801796000703,0.1211359099334082,-1.5124350890698115,303.51023523604425,0.0,189.00071197235408,0.0,596.9995911756407,0.0,345.7080357926208,345.7080357926208,0,30,156.3974358974359,0.0175008783355824,0.4973158656901146,142.5,110.0,58.628261198647685,0.0,305.0,111.25,204.23076923076923,92.98076923076924
2548e6248b521666019b641ef42b2946707fe02f0ffe56a207c8b543a47873e8de9a3e856d91519c152d370dfce8138ddaf63c167474dcd62b5388ac5f97a485.wav,354,106.11158867793692,0.6651711855372222,-1.362235848946256,0.0,0.0,138.19241627912768,0.0,394.0367705619692,0.0,256.46322202813127,256.46322202813127,0,54,217.7372685185185,2.926862824561655,8.727434017411273,105.0,0.0,331.18771762913474,0.0,1620.0,66.25,195.0,128.75
2d4abd9fefc544c3e10fc7538083b2ef00b45b8e3870feb91db276e89b5131d036fb6d66110b9b8cc30bb4ad67994c07536172478b83cf605be3a23e28426b2d.wav,515,52.25190474774366,1.4512683984444568,1.385906129860441,0.0,0.0,89.733373297646,0.0,475.9291827900868,0.0,114.92155468070084,114.92155468070084,0,78,285.6072874493927,2.7676410235667595,6.8060272844444345,70.0,40.0,533.217536573213,5.0,2525.0,50.0,183.75,133.75
10e4383b9ecd0e6c6ed38aa85d5ebfe80b039de63b13b9df938d9d405703a6e833b3d3e09b403e4de591fb34b3eb6edec2628d896529e319030bbc89d5dd8007.wav,234,77.08988563431267,0.4603325874374491,-1.729371811036425,0.0,0.0,95.54626514038964,0.0,238.3614648662893,0.0,185.56349764462595,185.56349764462595,0,36,325.69444444444446,1.326849374520451,-0.0352367255786063,127.5,60.0,412.7501813341311,30.0,1280.0,63.75,235.00000000000003,171.25000000000003
26c96f97f386cfd40a338f81112d5f40e52db58c7d219a8ee96776167d940c698dd4b1a3ed43788d5f5292be1d56cc840ed2abed6e0f8a70b28c45918cbd6de4.wav,328,46.79766015665589,2.177987075143002,5.994224482166876,0.0,0.0,92.69891619304244,0.0,588.7623567574545,0.0,0.0,0.0,0,50,49.24117647058824,6.157111375367424,38.75503494877485,21.02941176470588,20.0,94.05869642782864,0.0,685.0,20.0,65.0,45.0
54c27ddd47f56f378bdcd56d98537f1eac29833f2a4ed0b3fdf49ee3062fe20d6c7c7fa34945cba3293f4afdb5f2e86df04d5a4a2a14a33dddd24f45a155a590.wav,359,80.7104146173816,0.4630842902178699,-1.6671894307201631,0.0,0.0,98.79283615903074,0.0,252.77664869456493,0.0,187.9191464459436,187.9191464459436,0,55,180.01010101010098,4.074705200345732,17.122374725311953,85.0,65.0,303.4606883074408,0.0,1825.0,60.0,140.0,80.0
471a83ea589d4c25ddc58a98319360fea83a2b816e62e36c8edc8f71796db58eb5c9027c0eca3f530767fb042398951adc8b4aa92e4c9e2271fc0e8348efa485.wav,361,70.16164588257963,1.184600893356374,0.6114820148462718,0.0,0.0,107.23510329647732,0.0,509.664228556045,0.0,190.01799794918773,190.01799794918773,0,55,272.4848484848485,2.916963209851794,9.367155989953517,85.0,80.0,427.50378020979406,20.0,2295.0,67.5,215.0,147.5
33fe4f4dc5a5526c2203ea83f10f3c71001b0e7ee827dfba44b4577e582999e6e585a736edf006a916a76f5d407497c530c5ec16639c9aa5eba5d48de21c2baa.wav,368,56.33456936534624,1.0934318764687714,-0.6722121973167257,0.0,0.0,92.68767972321228,0.0,265.6336324787489,0.0,176.38238161329207,176.38238161329207,0,56,99.15178571428572,4.056299705911467,16.74268726940751,65.0,50.0,109.05568366512756,20.0,630.0,53.75,98.75,45.0
432a457536392d6f55c3489cc8cd8a6dc628c85f187268a39b887a49b20229bcd9b2bead250461bca64166b5dba5d249b1161d6edd9980d4bcdb45529aefdf8b.wav,232,99.3716712071442,0.6622039140805906,-1.2784478639806498,0.0,0.0,128.35722785255518,0.0,362.897282573743,0.0,206.8597945710988,206.8597945710988,0,36,174.56349206349208,5.289996406299673,27.420652742958957,85.0,65.0,425.1581431056331,20.0,2620.0,63.75,100.0,36.25
133fbf0b55115ed01738c0a4708b0c78ea211c78c5afd08457fc5dc4dca9c32cbee20a5d5071dc5a63a6d05868d9fcf62c1103a902f85abe2f5302d92cb8f3ac.wav,258,131.0567030232962,0.0105275217223931,-1.9318913514993088,200.1251149984829,0.0,129.34188433911558,0.0,300.2450161493299,0.0,254.5421514415825,254.5421514415825,0,40,213.70833333333331,3.142337019689624,9.465915475591132,137.5,40.0,300.1840841467116,40.0,1410.0,67.5,180.00000000000003,112.50000000000004
2019be6b52e2cfafe5fca15b690ab72856eef5502c3369f180b57786a3fe39d185b13a4fd5037bd491d82a3130b4739c49ea6b0481aec827af4c558ba8caedd9.wav,359,105.77450168357466,0.2385411159109935,-1.866456864974683,0.0,0.0,117.00902232873382,0.0,320.19996406014536,0.0,226.56262882251357,226.56262882251357,0,55,182.0909090909091,4.84922961426029,26.142165160549386,75.0,40.0,327.35536835384664,40.0,2240.0,40.0,175.00000000000003,135.00000000000003
40846ba831cad08bfc0519b2157692c7fcb0ff54b1320774eb44e4c617a7fd284b6cabf6bb9667d1bd05c846e8c1fd97408f5edf178b3daef0f022e44bb050f4.wav,275,77.40758260368848,0.7619630597073971,-1.0784930892443685,0.0,0.0,102.47227372817407,0.0,283.1185493595565,0.0,157.58804047250857,157.58804047250857,0,42,240.4323308270677,3.240266677863074,9.24738619464954,87.5,95.0,514.5672017942281,0.0,2265.0,61.25,120.0,58.75
196c785d4ec73105fd0be4645a4efc5ad568b09bb5c03b71b267f98bd798c8ecf3db09062e74fc897b6fe897831d550a9b62489756d1f72fc2f0ae96e84ca12a.wav,455,97.5389737846414,1.2854935606954403,0.4913052182564703,0.0,0.0,145.4320055175172,0.0,572.5284553852334,0.0,177.47789862182492,177.47789862182492,0,69,507.8680396643784,1.70010622722032,1.4472928485296004,170.0,115.0,663.3278331062602,0.0,2675.0000000000005,120.0,400.0,280.0
54c350c5d66e8dbf0f37b0f17f4c009242467842ec8406cff8cd3b7e48c724f4bfee837fb1a1c52b1e360dd44dfb03017874b2335594958d23228af2cae65092.wav,913,69.0769804360938,1.6808926978291232,1.8150019151904777,0.0,0.0,123.16468406972598,0.0,596.5535779648878,0.0,161.74575136505356,161.74575136505356,0,138,677.9626532887403,1.789574777933512,4.08339076836246,220.0,115.0,830.7068825047294,0.0,4860.0,125.0,1158.75,1033.75
3e828350335b7582b4b224e70aa90124a5947c193b0f5a5decebd5d276d6ab60ad083fdd3fbeaac5c5ed12a06a3b95b77d2d811fc2ec7f213c50c64748a42a0a.wav,863,31.062077707983537,1.3281893607098036,1.051867083634881,0.0,0.0,51.86165787786484,0.0,295.5189817124373,0.0,98.99656210451366,98.99656210451366,0,130,74.43429487179488,5.90535132028834,36.70803732201785,40.0,40.0,127.63134583549834,0.0,1060.0,40.0,75.0,35.0
22508352ef4c9061ea74f123b52cbf594eb88b2b4f83df7abcf43eb9833f4eb60ae574bb41aa2acb9a5ab7cd6945e51d2d2a949960134ceb0425421693260772.wav,817,60.11043604458713,-0.0061448819183716,-1.7183656031724286,95.4159296928609,0.0,57.17217639297964,0.0,231.49787114635052,0.0,113.33954234994856,113.33954234994856,0,124,58.44086021505377,9.650946559165996,99.22807323012609,40.0,40.0,80.8935154348196,0.0,916.6666666666666,40.0,70.0,30.0
2cdc45fb566aeba3db1fe809ab5efe506b4cbce691fbfe829770856f4777469020e5b25964a0d9726e0ff85defd5db14904cc279e87edb8e8fb697e27f62a93a.wav,587,67.41867296809355,0.2008194478147796,-1.4259403691375558,97.0180696412492,0.0,68.48239736301146,0.0,317.0519755189932,0.0,129.29182237281393,129.29182237281393,0,89,157.64446227929375,7.096433337513699,56.08144770080366,85.0,75.0,342.4514918988897,30.0,3070.0000000000005,55.0,110.0,55.0
53b52e1600c53d04f4986c8aac50982ca80cd92cdd26fc5f07c004157809bdab8086dd68c4de02e44ed2484dd9f70b495b09977931e64e8c4cd307b2e71e51f2.wav,301,63.600905357379816,0.5583325294191829,-1.6145158695540685,0.0,0.0,81.81183222636487,0.0,207.9932032261854,0.0,161.0423132215509,161.0423132215509,0,46,380.6521739130435,3.2030987118877703,9.88091019553463,120.0,55.0,692.5485453834016,0.0,3365.0,75.0,298.75,223.75
47bf98aa1fb2eaaef27b8fbb66389e65d122848444a2d8d9f1dd718ec09c2edaab041b9417ac2ec2305150aab3eafe7d91894877029fb5b8dd6bbbe476ddb14f.wav,438,119.46120213646452,0.2503255332267703,-0.7894070438520941,173.08491630009365,0.0,114.13912897984278,0.0,537.6802952260108,0.0,217.32531188040093,217.32531188040093,0,67,254.0049751243781,3.7227905427745775,13.63689981165071,85.0,65.0,548.8569502906738,15.0,3165.0,65.0,160.0,95.0
08e0326adb28d1f5fcbb060270cc45b552be912e51e037784e0d9b475015fa708151b6a61f321a2c99a6157444d3ff17367f17d948a7998c1a432601e35e348c.wav,582,98.7736945130833,0.6067000758023905,-1.3815560889262888,0.0,0.0,125.2959616660682,0.0,372.2320185563059,0.0,218.12077830188505,218.12077830188505,0,88,223.14123376623377,3.429879467981193,11.125108099018211,90.0,35.0,390.2312854784914,0.0,1985.0,65.0,201.25,136.25
3f11529ba24be21bb7285567099d32658e226788f7c9717426883f5d6427fb8b41a716fa2e30f3715ca707ef804af21e3e7089d8ee24f5d524553c617c7c2064.wav,402,113.11608280233388,0.1491333066739594,-1.748001041311999,87.09799447366099,0.0,115.76807975983692,0.0,345.0237119575626,0.0,216.01664025519423,216.01664025519423,0,61,99.82825917252146,1.5621541911824135,2.3813342172524656,80.0,65.0,53.597853334466784,0.0,285.00000000000006,65.0,130.0,65.0
09fce1afcb064fe4f29347d16dc986f1f38a6fc2eff95eb57a7019a2490d1094e7a91f3906fe581e379ccb99eb7d89733635ccb9aed9fa51fc63ae451451b64c.wav,561,103.07385276261115,1.1973117711560783,2.633345324726326,116.1350160773663,0.0,115.03721183040015,0.0,593.6739995568786,0.0,187.25322785579488,187.25322785579488,0,85,201.78431372549025,4.734897029050789,21.22163774624343,55.0,35.0,651.1773544461473,10.0,3695.000000000001,35.0,70.0,35.0
0f260c358702d4dca3b26f7f4d7fe4ca2d6824bc9c17240a7ab283263e90a6f7561a52bb498c9c3dd139207294a0d2daffa1c66f15b91bf36c8dc55f067397c8.wav,678,93.94422265142003,1.065247515791362,1.155183260508938,0.0,0.0,113.16206359622248,0.0,587.9449158675549,0.0,183.12170675787627,183.12170675787627,0,103,269.126213592233,3.654291389981481,12.851948256743595,60.0,35.0,687.1735508039421,0.0,3770.0,35.0,85.0,50.0
120a5f8b9b86c7484ec1dc8870c4106210fe0bec6a6fe6d19fa2122b831c500015d3775740b13862b7ce92d9ba1d841502ad906d61319666685b09da782ae192.wav,690,59.953383983699176,1.579131484658472,2.946281709837958,0.0,0.0,95.930440110318,0.0,590.5169497025363,0.0,146.21242110003809,146.21242110003809,0,105,133.04761904761904,7.063314390314723,50.62827282032364,35.0,35.0,538.1854412384246,0.0,4570.0,35.0,60.0,25.0
2934a5506371e1bf313e5ae56b8dfbb408f091db98abcf6bca67325f2577ab81987a07671e6a31b3b27078917f93fe0ba62a323d2e3e837d8721209a3d9ae84b.wav,657,94.21029928165294,0.7607453185456764,0.8591477741992057,87.26734244142146,0.0,101.29328973368506,0.0,561.3712188057644,0.0,178.87924493060143,178.87924493060143,0,99,260.2020202020202,4.17645046327225,16.53568000447922,60.0,35.0,744.785210441835,35.0,3895.0,42.5,75.0,32.5
0738a79f412b517b8ac4d3e44bbe094eb7e8c14255d4ece6a74ac336f2e997c76d98d38f77cf4e61e3afe83796aabbd9eacd1156bfccb12614b36df37fc1c0be.wav,513,106.51506136357403,1.919392354501884,4.793564545077609,131.90440304639552,0.0,126.9568581534798,0.0,590.5089571228871,0.0,152.8615910900927,152.8615910900927,0,78,183.01282051282053,5.017840678314885,25.743228636686588,95.0,20.0,428.7215190088731,0.0,2965.0,20.0,175.00000000000003,155.00000000000003
4a3393ecd14c2dca616bc4fc9a508e26e58e8b78185036552a2708ae86a9f9dc0c5a1dc5e7c1e860cca27831d8620d614a601a7d3e0dfdaf9f7106a5aa6c817a.wav,736,89.29938934371643,0.605839738432431,-0.7469427030848341,0.0,0.0,103.44273878551108,0.0,533.1660271273672,0.0,189.54366703728647,189.54366703728647,0,111,127.68222768222768,6.452447965989088,43.470327787769584,55.0,35.0,368.16945690088806,10.0,3075.0,35.0,80.0,45.0
21673539889eb07dc689c41bd55fd611cce1eced0f509af2c1b6639f5366ae47c4ce44769a957455b3320b580f034d21e684114206de1e8ce07e4bc73c208499.wav,486,84.04446383680487,1.5658171841967317,5.260820722434957,0.0,0.0,100.0130301445703,0.0,589.341289247539,0.0,152.14850771667494,152.14850771667494,0,74,113.35995085995089,8.034288782437601,64.65047070530127,50.0,20.0,337.2354381921595,0.0,2950.0,20.0,125.0,105.0
56e40780908449e08c9e83d21979cc4ce263f5f09e452761dba531044275cc3488c27d27d2be2859d6789062e9161d14d527b8f15265511702b32406b05e07ce.wav,652,100.16648443147476,0.8296130104093733,-1.00342881994971,0.0,0.0,139.8096767645837,0.0,418.78870893188247,0.0,233.92100763488136,233.92100763488136,0,99,317.63347763347764,2.7326524608474103,6.106026998109517,75.0,15.0,687.1042583686427,0.0,2885.0000000000005,15.0,160.0,145.0
053e7fe6c190eaaebc672f9e5e964870b520ad5a1354ef9e89ca45ac80c43b89630445c3b8dacc8043078e787369cd65f3a5e45458617d28314708229bd81413.wav,505,92.8629590095532,0.6136843747688079,-1.483991148284687,0.0,0.0,121.84315809799628,0.0,338.0534313457419,0.0,225.12993815354295,225.12993815354295,0,77,510.2353896103896,1.5649605529095192,0.7101311695115635,90.0,75.0,792.692778381732,5.0,2655.0000000000005,75.0,550.0,475.0
164acf799ed00487153c6ececf8a3dc15b57f460fa0ab9c358862480e3a4fc7dad9a8dca967080007cfa172382177083a593c6b9bfe9d7beeb33611636756c09.wav,493,71.56358008140026,0.9888671603644472,0.9404304681260074,0.0,0.0,93.30314712082544,0.0,499.3424471104468,0.0,169.22554015767474,169.22554015767474,0,75,409.3076923076923,1.9386703293566736,2.663622594111172,100.0,60.0,622.8599717261483,0.0,2345.0,60.0,410.0,350.0
5bfcd87f0b6329a4969130eae0f1b7a6859c085fbe2a5cad29893a4c65b9e3f224cf0d881366a299247f591334a51b50bd73b402d314eeeefbe5ef346d7c9380.wav,539,97.12096700960248,0.2761882605959753,-1.8208975671082008,0.0,0.0,108.6223147812963,0.0,289.5351084319522,0.0,212.2020447360704,212.2020447360704,0,82,498.8414634146341,1.835667528211948,1.4341949402985603,75.0,70.0,954.6766464391987,0.0,2825.0,65.0,120.0,55.0
64aa62f0a63bbe72f044225157345625b118e76f7a705bdfaa82d91abed32ffc95b8cde2989fdf72dba16606a6ea3704a79876f28173a22c7e8478d4cccc8c06.wav,349,101.79244400470438,0.5530186461961104,-1.3539297684971412,0.0,0.0,123.07105844967296,0.0,349.4989527613132,0.0,216.48724843020065,216.48724843020065,0,53,525.8490566037735,1.7288687854066938,1.0339505277763663,70.0,0.0,1006.1812432147716,0.0,2810.0,20.0,115.0,95.0
194d2944eb815b2ebc76cbb657c759656c74960bd4e7e2df178251cf107460d697462c69255685d7bd28a99fda69dc4f6676d6e93d545c7dc5085f2ba90d13af.wav,563,120.4213028783533,-0.0361925271341961,-1.840152915843348,179.41085182387866,0.0,113.7354748990849,0.0,299.2009520491002,0.0,220.69860455939929,220.69860455939929,0,85,394.2941176470589,2.211241976970713,3.0590540371020163,70.0,70.0,819.4995434593625,0.0,2760.0000000000005,60.0,95.0,35.0
534a66f3cb3cbbe7f9bca9b8d25f7579b341067b5defa115a2f846e3abb4a14228720e86bb28f229205f0004281a5a7661b7477dc1c52a7dc9f1a6ee22c8839e.wav,373,89.56869907432362,0.7895767646393889,-1.129248948412182,0.0,0.0,124.5052570842808,0.0,344.12671672841515,0.0,215.18795626133524,215.18795626133524,0,57,458.6842105263158,1.9948315077531045,2.107454296916269,80.0,0.0,909.8407062795796,0.0,2785.0,0.0,140.0,140.0
6147796a896be414c7a0cfa60a3819c498b3095e6c0b7c9e0558b9612a7bc9dff7c1b53c7d371b703c17cb4f80c72c056f9be2c9de2d592a5ce4ee2983a71de3.wav,347,85.37036737468117,0.7654827841792698,-1.15243565339927,0.0,0.0,116.78997274438662,0.0,340.3788849239772,0.0,214.74948382385836,214.74948382385836,0,53,373.7735849056604,2.447460063625194,4.178387186272299,70.0,0.0,817.2525911814589,0.0,2895.0,20.0,210.0,190.0
1693001accb3d6cbb685198ce03964a4fa364e052aba1f2abd0886a7996d0433a2de9f5721cbcb5ef3150ea5769556251ab99be403b6c11bac5fa5ae80b50e5d.wav,541,108.5575298678078,0.3181150396750917,-1.5175807990926355,0.0,0.0,116.09223213343468,0.0,339.76832125175946,0.0,213.01080295559868,213.01080295559868,0,82,367.3170731707317,2.469475770539249,4.32181485541423,72.5,0.0,798.8170350976281,0.0,2775.0,56.25,115.0,58.75
029cb3e0edf4b22e684d0ea9dac841cfebb10e7105058542fc4d445b59ee3b66bead3054ded0a8ff3a2c62a09c8df13bfef88290cd678e652ab9e1ad7249186b.wav,688,94.91224530123168,0.257213677536483,-1.7917132267238889,0.0,0.0,104.34435036820273,0.0,278.91365619292685,0.0,198.7522072021221,198.7522072021221,0,104,618.8942307692307,1.3806956968193624,-0.0476122885810759,70.0,0.0,1044.5032304537187,0.0,2800.0000000000005,60.0,172.5,112.5
45323a4b285411521ee7b89386ea7015012db162916d3b2ba1710ebd52cb7204a6b4832e57c2dee1cd44548aecd5f1ecf95427af876fac719dd89a70c575c498.wav,438,126.53812259835684,1.094674196263855,4.869730194059692,154.77281836490602,0.0,100.75953978694014,0.0,593.110250629405,0.0,176.85543618801967,176.85543618801967,0,67,129.2537313432836,3.260281641372216,17.68119808923525,115.0,115.0,99.91882425900016,0.0,735.0,60.0,165.0,105.0
04b282c7816355e5f2603fd44bcc84adcb8d45f2ff8ef6857e9191da7ae087197b53740aab62939031453b0542cd3f6891a6c15cd20a3c7f7729fd13d6e6f87a.wav,366,80.65760539059966,1.282742056260049,1.5154332508099646,0.0,0.0,118.20318454599466,0.0,580.2227838988427,0.0,198.40907162626252,198.40907162626252,0,56,222.8571428571429,3.775993424125191,14.399855646951323,70.0,60.0,410.90585594388847,40.0,2245.0,60.0,190.0,130.0
33e47135840a35865258804668d6c650250e7e6efa88c60c48caf08d62cbafbd2a8d448be6bf8a763052f0df8dec6fdf491fd87a8582a3830ff39469051f273f.wav,731,116.20163032695596,0.3095263646896317,-1.1388690126333028,0.0,0.0,122.28361962378344,0.0,584.7354284145836,0.0,230.1573915870657,230.1573915870657,0,111,455.5855855855856,1.5336707860863026,0.9931398494364352,90.0,75.0,619.5267515033235,25.0,2210.0,75.0,590.0,515.0
3598a5894245f6d75997228ff1281a989908adb39d6cda0320931f5f5525c42ccd0db003bce0a5cd5af20d37969c3763f54bd02f6df9e86790491bab873bf01d.wav,239,155.08130511344478,-0.3405188159837705,-1.7325294792198054,211.90308913212505,0.0,125.58848061142064,0.0,306.68461549884404,0.0,269.05749522502185,269.05749522502185,0,37,445.6156156156156,1.680215055261834,1.8688346080691571,95.0,85.0,574.6204995022175,65.0,2150.0,85.0,615.0,530.0
13876eccfd796225df5e7c98be9ae25494383d0551df46d927961469756508faf1525af23edc7538f84d8c0c3e953a382940c1254f1dc8288f9df2d439a1b06e.wav,649,78.9414596220476,0.2670393157527614,-1.6417403689773382,0.0,0.0,84.25413707615078,0.0,237.54587042525972,0.0,152.0833853454999,152.0833853454999,0,98,188.74223602484477,5.468551482950345,30.915652375722523,90.0,15.0,491.07682269396463,0.0,3650.0,30.0,145.0,115.0
530406eb95d4ff16e1f5ec518846f0c3dcde12a3d7e21d9f897a39fdca144027102c840b05022af98d07d5deed4ce46f0ec91d1774faa15370c21af53748e59d.wav,405,64.90992054120002,0.5652258985197833,-1.3664850356805431,0.0,0.0,80.46431546215024,0.0,302.8055830704117,0.0,155.5742021903285,155.5742021903285,0,62,188.70967741935485,4.038080950186523,14.833487525778889,57.5,10.0,521.7054349669836,0.0,2630.0,15.0,103.75,88.75
63b5b495ffeb828975299d5026b777c06c20ce8e9400ef41921aab278de1b7436d6f47e6833bb57397c4c678810e6db4fdf7de174d126b215360d1ba7d45bae8.wav,726,64.666120177018,1.028150269922336,2.088120904616434,0.0,0.0,80.87100950384999,0.0,567.7623707811432,0.0,142.81126022863455,142.81126022863455,0,110,246.13636363636363,4.740037680168013,23.056993908325147,85.0,15.0,735.3773487409863,0.0,4790.0,20.0,110.0,90.0
13f49903b8b31057a665eb08832ab0b0adeaff404d50a5d12ba9d29460b258230bbafc405cb285f2f6c55bf8cbd043834e09d2cb2f6dd00b5c7b1a0ebc748c7f.wav,426,134.44342274581592,0.4988692031485345,-0.6485220364355699,194.5020654190969,0.0,137.86356356458217,0.0,574.4356988178962,0.0,222.67996817838943,222.67996817838943,0,65,292.55944055944053,2.8187280735735043,7.891183128644423,110.0,70.0,456.4659956059223,40.0,2220.0,70.0,230.0,160.0
3e6a97aa31717491cedea0f1152cfa8793ee60a914940ba3dfd507e172e02c4b63de44ea8641a0b1b37149c996753e44a7942d09286273f78faaae64b81cd738.wav,575,74.56682554239174,1.1426216021474953,1.0096227801603943,0.0,0.0,105.43745268660405,0.0,577.8774681402922,0.0,179.85821101042356,179.85821101042356,0,87,264.3829401088929,2.819319224307593,8.421114995007912,95.0,35.0,419.4606830996842,35.0,2401.315789473684,55.0,210.0,155.0
03e0316409c8fd937a85c83bb3fd77dda891c66f2ac24573e0836fdd42147833d3a4dd3a9052ccc3052dc89447a72010750eb003c8be2f2baec648683c4875b5.wav,251,100.31772424417852,0.0413233493758519,-1.914982295729149,151.00478554641086,0.0,100.23954330407544,0.0,241.06609855279132,0.0,196.7773790358081,196.7773790358081,0,39,245.448717948718,3.7935925493259455,13.112149581049472,95.0,55.0,482.63827293155725,40.0,2350.0,60.0,220.00000000000003,160.00000000000003
07ff0b5116c3597f2c57024f54ec4007755536ce3ff0b8022d1d1d5ea77c8e0469d1b35d2299a02eb1e85f24b68111e7063f110b769b4388c9ae5228f45c9d09.wav,2013,11.614982354979496,5.02355042440882,37.60874478156472,0.0,0.0,40.593072963994274,0.0,450.00989215902536,0.0,0.0,0.0,0,303,388.5808580858086,2.752795503418349,10.04262846949693,400.0,400.0,324.234003470525,0.0,2025.0,400.0,400.0,0.0
174e25fc0d8d2fb0965796c5fde2c23f1297cc448a3e113762a795ad4a9cf12ae8af431e4a5bdfddc42c70abaafe4c2b3019e0aa0126d88e5a01457f05c78c27.wav,664,21.71806022084606,4.076680355444505,24.28309763815449,0.0,0.0,57.12829066184789,0.0,511.0537087136621,0.0,0.0,0.0,0,101,250.71782178217825,2.851510997430498,12.21790224673106,160.0,400.0,295.6420971096203,0.0,1950.0,0.0,400.0,400.0
11db19a1aff5366f961bbdb924ddcc008d559fd4ba50ccfa632435a8405d53bf69c74b9cc5a244005052f5b8b759195f0271fcd2968689cfa25054c48bd18b38.wav,570,104.16671165835132,-0.1362725386062755,-1.675604413164993,153.94678664515362,0.0,90.79025702146946,0.0,260.44677241459766,0.0,175.14591326910707,175.14591326910707,0,87,378.7931034482759,2.595721444292692,5.417931243734289,70.0,50.0,791.3751909341112,0.0,3285.0,57.5,120.0,62.5
4e79a58ee88b1a717a0e39fdadf6fcb6fc4b349cb8a4842a0df0de4b7d84790eaa1017583ecfe9db2c21d1e41eec99fd3c0abf600e7095257e08da63c449cba5.wav,342,102.01240527656444,0.2721381795256093,0.3910446016049609,148.18626637028308,0.0,90.02073361085094,0.0,506.93768589279296,0.0,169.0937268032595,169.0937268032595,0,52,388.2738095238095,2.800751243964692,6.232823477404491,60.0,50.0,936.4342280593772,45.0,3825.0,53.75,90.0,36.25
47cd520e034427b36be342d60f0b730b50f76c3a6d9376ac08bba091b916fb09743f44534933aa582074fbfd1228374e6e3235d4ba8305ae382a52cf85dda9d7.wav,522,120.0102612299359,-0.4019722838010474,-1.0469985045144037,158.26142523244425,0.0,85.36839825379111,0.0,366.6809841032951,0.0,176.52413337081293,176.52413337081293,0,79,329.3490054249548,3.375317508303617,10.817389863338944,70.0,60.0,736.2727228908986,45.0,3855.0,60.0,110.0,50.0
5ef7f7938e2e92ad4242e8ecd3a593d2a1be84a85be4c8f69eeb7974115a621133116f9d7ba1a35de6a936621efe3e74ef2f6fa33db004b14fb82e4e69661c97.wav,491,116.52965475420076,-0.3685191802717486,-1.4590238075914768,157.24970968433755,0.0,88.40651825044529,0.0,265.06793922771413,0.0,173.62406677163847,173.62406677163847,0,75,195.16666666666663,3.9497056022028154,14.686232641689788,60.0,50.0,456.0947148223589,50.0,2335.0,55.0,107.5,52.5
22e2992d02d50d5bd27871b0b3a687449d6b9cb38d988b78d90bafd944388442c7a45614c9ecacea636e7a333f97384e764312578907349b4a694ae526f6394c.wav,342,84.35414352327648,0.2085313507866752,-1.799888439305105,0.0,0.0,90.37474940237884,0.0,257.5723170215158,0.0,171.73594375149636,171.73594375149636,0,52,468.8003663003663,2.582857913475998,5.624610756481996,60.0,50.0,1011.4211330392948,45.0,4445.0,55.0,97.5,42.5
35425ad0db7320e1598adb7c394d62b4c71826734f631cb02a4a7458dd8ba1d972ad432be03b126224d4604dfe0f6f4c7731f5843d52ada1e06af1a71153a31f.wav,330,104.41658108764628,-0.3588604707863618,-1.5177538534537305,142.18952593831688,0.0,80.78700000103382,0.0,232.981250981076,0.0,165.79773558782622,165.79773558782622,0,51,351.8627450980392,2.8389914509445413,6.738100824324402,85.0,50.0,801.7933091345029,40.0,3500.0,52.5,105.0,52.5
3af44daae89f713b8381e293caeb48d38c7ec72ca1db1bc2a27818e569757501e7c801905ebeaff037a216e6c451fba012daf65a1cb8856fd7829060bbc22521.wav,306,84.7213886971171,0.014555774748154,-1.893820291814236,139.17159664360375,0.0,83.09985549269416,0.0,213.89540534775148,0.0,169.02292332733788,169.02292332733788,0,47,416.953578336557,2.648303799274091,5.4631748897463535,60.0,50.0,918.136582349377,45.0,3820.000000000001,50.0,142.5,92.5
3c37b094b1792678062185571b0b5f2462bf0c99d82f4c9b38fe6697717a89b57c42f80316c16fe87be0f42b50433cb3eff849ed2e832b4a1350bda99fc7a3ec.wav,419,81.46132094120348,0.2276189057314482,-1.589451220156925,83.92319299692159,0.0,84.34158739468778,0.0,262.2817709939963,0.0,159.98328176928163,159.98328176928163,0,64,461.41493055555554,2.3466838350652157,4.229589175728543,90.0,50.0,892.9438862795656,50.0,3445.0000000000005,58.888888888888886,160.0,101.11111111111111
61729791b81f5e02897b299cd2a1288e85aacf582d4ea77cc52b160f9d72a49533d2e34207e98cacb9d4e8b901e8abc54bce54ee0f478be116ddd6aa4f7d9f39.wav,371,92.0769264384992,-0.0024236163294258,-1.7394648345068584,148.32063421499092,0.0,86.3082273509212,0.0,258.9204386233423,0.0,165.9801393209371,165.9801393209371,0,57,485.89912280701753,2.29855614210444,4.085395540830603,60.0,50.0,939.1500028016762,45.0,3745.0,50.0,110.0,60.0
3b51ce29b272ec378d338ffecc7a1e206f210264a48763a28de668b35d984ea5e0312e37c783e34542606c6c2449e809d29e6cb4041a472c0ce500fe9d975d41.wav,539,115.06138741165724,-0.1280325668598741,0.6135225295788871,153.37080823243392,0.0,82.27559641575908,0.0,521.9885710951563,0.0,163.8133693725091,163.8133693725091,0,82,312.8252032520325,3.0199123039989453,7.913866322156837,72.5,50.0,706.7699480163235,40.0,3445.0000000000005,50.0,110.0,60.0
1490ad7b891ec0e5477a235e5303a7330d8e53b379334e9f75da52322baaefb34a764fe3333f847b35b5d0c36cdc4c851ac0eb538f360063628571840614650e.wav,546,130.76970709780045,-0.0331661530618056,-1.8286371716764795,183.3824604374589,0.0,121.59119005784842,0.0,321.2918145818394,0.0,246.1659454728963,246.1659454728963,0,83,238.6527929901424,3.434782344892314,11.002129443475637,85.0,65.0,462.9114366019994,65.0,2275.0,70.0,100.0,30.0
6226eb1fb32d438bc8dd74502fec8f0fa8bb361c6b88300516469eb55d8689067a4180a085092456bbced269899dbfe048f91097d7c61cac280001a6958df88d.wav,726,144.21940914284068,-0.0111375215533919,-1.6618146936935727,188.53284187108545,0.0,127.86644004336648,0.0,346.0067403834168,0.0,270.72626319213566,270.72626319213566,0,110,261.58677685950414,3.322801447247664,9.775483162108513,95.0,65.0,502.7412300061172,60.0,2295.0,70.0,155.0,85.0
3f0d835cea8591a51ca7041ce07b3ba78dd72c6373b8469df4b98e075654629c2da446495424d35396a508056b4b7ea265356748dbfffbb613caf7b6aff1c0dd.wav,323,131.57479068624477,0.1737495403185079,-1.6992421563330335,99.3998359178836,0.0,132.6055595850002,0.0,367.2278560655986,0.0,248.08375546910827,248.08375546910827,0,49,141.687925170068,5.874703327888217,35.71520113430061,85.0,65.0,212.68024670525685,65.0,1545.0,70.0,120.0,50.0
38dfd7b8394fbabb13b4333ef0e164203f33fb309c871da9ba2b1402a3519a92962acfd4f2cd589ced362a1db2dab543133aa94fb395f6068d72859cdbd01256.wav,743,114.64562822651403,0.1970921095045672,-1.6423895602971637,97.53888006752848,0.0,112.84786431129156,0.0,362.7644779236165,0.0,227.8709680085975,227.8709680085975,0,112,187.34561011904765,4.437404267039262,25.72854745437243,75.0,65.0,274.6359786111754,65.0,2210.0,65.0,166.25,101.25
238007b34fc3536f5d65ab7213d1c16db4357627b829606d401e0845b461936ce6e2c39c46e9ae9038351bd35193d741b552893c74291196a353fbd0dbf02f4d.wav,431,133.2635351482932,0.213418761140648,-1.5732485525451785,180.34706884671607,0.0,133.4445246249308,0.0,381.2938720656664,0.0,245.53379320133428,245.53379320133428,0,66,221.42045454545453,3.725410406218494,13.067695735970728,70.0,65.0,465.61918525775593,65.0,2365.0,65.0,110.0,45.0
3f0030b191fd48c9965717d220e5d6202e7b369d6c8dc920f2d8754fe3d95f73122ec76c1413e229f547b339e3177bb39d1b57988f99fd207a5c1e04073df0ca.wav,359,107.85624365633156,0.3702321041565455,-1.572002514573794,0.0,0.0,120.23164686773192,0.0,354.75321848705136,0.0,226.41698395146236,226.41698395146236,0,55,175.26262626262627,4.662605249594008,20.49211299221574,75.0,65.0,410.2036784955002,65.0,2300.0000000000005,65.0,97.5,32.5
509539b38444af677745796d46f706415e6ae507764fa6ce36fd6105b8562cecd63f7d3355553ad8bf82e96ebc3f1fc04edd85a9d969831e8734b1a9b6de76b8.wav,623,124.11229813494045,0.0972434405075462,-1.6422590654430609,99.23623725820806,0.0,116.82528677107128,0.0,366.8169058843487,0.0,224.1605630867845,224.1605630867845,0,94,180.13519503546098,3.968526366009991,16.250652055476206,75.0,65.0,301.2276777339198,65.0,1705.0,65.0,105.0,40.0
4bb43fac47a89b291526e0ef983c55ae9cb40423860950b2f4979a5fedf607439f705d01fa1d1050d35395735e87fcb4e14d88818701256ea706c37a9cbab8a7.wav,618,133.62027420806012,0.1034067040036493,-1.6082527449569215,187.5970935330897,0.0,125.51991046048056,0.0,379.0889758303552,0.0,239.4170140412373,239.4170140412373,0,94,282.31382978723406,2.858829846821944,7.862633395809169,95.0,65.0,462.2893769060958,62.5,2270.0,65.0,175.00000000000003,110.00000000000004
1408aa128b4f8f230873ad0efcc8bd4d59bf8996f95e312f46dd24d2870ee0f6fabd447cb2d29e5c69640b2f8da8e1c33dd72382d37f7e9fff4c7c9d4843ecab.wav,534,155.69650980530838,-0.0653778903856408,-1.731072400369374,202.576846057738,0.0,137.05613461862777,0.0,373.8604578374237,0.0,286.6228791141113,286.6228791141113,0,81,217.43827160493828,3.812753190757869,13.304771706001803,90.0,65.0,455.864728302808,62.5,2275.0,65.0,110.0,45.0
5b6c9629b331dd96e67ce0335239bfcb1daaf12aff5677eba20c156254ae6e402610398924eeb55c9a3e614cc3d30689858c6e1dd89ffd15f619fd2eb651fa1d.wav,774,83.31413952650955,0.9694283947628012,-0.6788906241925279,0.0,0.0,122.3299021323624,0.0,384.1743235344981,0.0,196.62311784352332,196.62311784352332,0,117,170.64102564102564,4.787137154170473,21.82665772634999,65.0,65.0,397.3128428191488,60.0,2255.0,65.0,100.0,35.0
02ae21aa41886fdcc54667603826f9ff629610dd13da5b627bc1df5cab45c212fe6deff4d4f2b596ae883298b75ad4037bdd4db6289b8131e8c478a685a67d73.wav,359,92.9999979203046,1.5170329080222245,1.9217587536636345,0.0,0.0,138.06005364313762,0.0,571.1998738879538,0.0,225.02106975700644,225.02106975700644,0,55,249.93939393939397,2.449009769063295,6.6274352257601805,180.0,180.0,227.80750416342315,60.0,1255.0000000000002,105.0,280.0,175.0
1d4a504c96f5b56af0c46d6313798209d4f77c83c7514ac5dc896abc058cecb6389284807231ecfab69bcd7b017b464a2a812664884787c9f92f236d6a7c4bf9.wav,335,95.86180631461583,0.32948037702177,-1.4866292783886783,0.0,0.0,102.2212596163683,0.0,311.27986646985136,0.0,177.81289570224533,177.81289570224533,0,51,171.82146542827658,3.871912934755114,13.789153013797597,60.0,20.0,389.4938557906983,0.0,1950.0,40.0,135.0,95.0
1d9e3015fceb8dc77f71da0bdd7e427525a3a38b203cf279d29fe8c409541e45acc4be67c7cb3da21440b7ceba20b5d112a53c8a04ea5da486c9869baccd6ec4.wav,277,77.21878102938697,1.5926831881095889,1.866949071901649,0.0,0.0,131.32691546462968,0.0,561.1083831417959,0.0,201.9901012207991,201.9901012207991,0,43,446.7441860465116,1.677795236854808,1.2637664676406608,160.0,5.0,651.8719767669915,0.0,2155.0000000000005,75.0,435.0,360.0
0701a0f408f6efe37aa6ae0d38a776b5e73bf9b69db1bd5e0ee3bdf9185b73591d8f612b1e7e953f81e953937a00f6eef7cf11a79585503c2d142c5edcedddff.wav,623,56.5668565778831,1.6927177300972651,4.678595009838178,0.0,0.0,85.23032936398708,0.0,541.1049309153912,0.0,98.56503320710158,98.56503320710158,0,94,209.2708333333333,3.402958203283131,9.973300494444496,60.0,60.0,554.0502870234376,25.0,2670.0,45.0,60.0,15.0
42297452d8acd9fb8a72303b1ce0fb0083c57c974d48407a775cf430a948c4752b404d45bb8d882eb7e1577a4e811fc7dfdc0f22586b7ca2f59c8a3278592dce.wav,323,96.61542947663054,0.5494023462230355,-1.5196927869369032,0.0,0.0,121.36861935424662,0.0,340.76441913548416,0.0,220.0017063244933,220.0017063244933,0,49,375.3996598639456,1.9118079870752611,2.497775367851837,105.0,70.0,531.9948790148926,0.0,1975.0,75.0,495.0,420.0
35b2fd9754e3c68fb960170260b945f255ed073755af79f6c32118169eecf2f44f5569e5444b33c43069cf560e6523f78a52b268b7cf141f0d6617eb26ade223.wav,443,114.54891602620624,0.1514308299839978,-1.7565277508720107,177.11191848903087,0.0,117.20622013059048,0.0,317.65598538581185,0.0,223.19695746685744,223.19695746685744,0,67,162.41915422885572,4.598495119436823,22.099245872742276,75.0,65.0,312.4356587063828,0.0,1990.0,65.0,145.0,80.0
5ee8450d0d028f5beef8c2e124d683f9ea776fa3ef430473e5902b88ad31d6d87f09ba8927973bc6c27715225e763b4f6cc73d2d9c2f286b2dc37aa63417a8a0.wav,414,94.95248174135013,0.4977140355443614,-1.4552821665656224,0.0,0.0,116.11135882800669,0.0,459.4539328812383,0.0,220.5859503425913,220.5859503425913,0,63,213.68551587301587,3.188009196592306,10.32019245336576,85.0,0.0,341.8665717034144,0.0,1700.0,67.5,257.5,190.0
135a95f47d2010003ea427d4dd09117970392a05bfd80812908d3940c42901b7c053df433df65c035cc34ef0d9be5a7c6c1694b4c247e1ff6a5c528eb670e781.wav,683,133.4368083238758,-0.0459956721094848,-1.5940182939575611,196.0249141632239,0.0,120.16982350580491,0.0,481.6452972708249,0.0,230.76970055258124,230.76970055258124,0,103,220.14360841423948,3.4117847421325336,10.921635043975517,80.0,65.0,427.59553904170417,0.0,2195.0,65.0,122.5,57.5
096cba06ad1794e9568ec753c5559539208d54338aae9d3126f235ced4a1331a22b13ebdd5c954b03d63f4f721d3176a600e1fc593a178efe06d24d12b933881.wav,414,112.10314361772907,0.2164168056646825,-1.739064596610307,0.0,0.0,117.38770357091886,0.0,319.5755391928823,0.0,227.34583229572445,227.34583229572445,0,63,186.84027777777777,4.09599101260363,16.335911747988913,80.0,0.0,398.5577923420015,0.0,2140.0,70.0,115.0,45.0
3510fd910ce97b8db897a8866518d53aed3700d0fe1786b7b4d5a82e54b767e1fc4ecfe6336647295f0793eed9b09db1300a47d927e01ba32912ff77ce647a2f.wav,407,126.35691592880302,0.3626682950447042,-0.6997675020543914,193.97938677425975,0.0,127.46160835244471,0.0,591.5496132014038,0.0,226.81678934143804,226.81678934143804,0,62,273.9458525345622,0.9260758645905643,-0.8761416655764882,95.0,670.0,288.3231299010289,40.0,985.0,70.0,670.0,600.0
40bad98effbee7ea58b5278d8d4aec385597a6a75a4ff59945d4215e5a2ed7a031253a755691a25b150b907e87e8661d68db1094d2922250bcf0e3f7da277583.wav,479,105.04744076222052,0.4662677446734681,-0.9262007615540072,0.0,0.0,115.42795477041224,0.0,539.6063840205861,0.0,207.48830682270855,207.48830682270855,0,73,164.68036529680364,4.763396167001213,23.01460002819468,75.0,40.0,325.3446431073499,35.0,1970.0,65.0,110.0,45.0
5fadaa693c5725aaaa79e8f3dcb419d67cf509e91348b4cd23e980c90681ba3990e7faa4389c95de2c1e4863d3b317abcaec3973124dddcb51a4d4acf04a09d8.wav,443,110.4530842969023,0.5819530986836778,-0.3077390906682242,0.0,0.0,121.66004155973954,0.0,560.6050801260716,0.0,218.39563265844976,218.39563265844976,0,67,336.3681592039801,2.2691708601744294,6.199589177918929,145.0,670.0,392.7472576679977,40.0,1975.0,75.0,670.0,595.0
1da55bf565847816b59fc88c8674bea6b16a856f1c9c6b5f2127daf462db9096317ca0e8046a61b3c3665284c5d7e777a7f3d3f2a42ac645336c920b3212b280.wav,167,101.71984542836816,0.4134835110603924,-1.6122188160179276,0.0,0.0,119.3310314351958,0.0,378.5382068534148,0.0,232.62617204928333,232.62617204928333,0,26,137.92582417582418,0.9719339238008778,0.9282878590510076,125.0,80.0,76.72646699891435,0.0,360.0,81.25,172.50000000000003,91.25000000000004
4660a354bdbf095603505cb6181f2000c63bd2d327d75606a3bdf16d8597551aba648d0f65b6f8af7e73555cb6396b532449d048d12b8e5c1916cbfd87d6f2c3.wav,407,102.95552508978118,0.755791254737698,0.653474937099709,0.0,0.0,113.26051464986377,0.0,580.7949468671419,0.0,196.42257563703976,196.42257563703976,0,62,298.5599078341014,3.1157166990541043,8.702266764177613,112.5,40.0,561.8559877348587,35.714285714285715,2695.0,65.0,190.0,125.0
3c7fc970137d96a7f503bc8b02d0eccf55f99a4c6e56632136e1f12960d97b812bdbe5f6e8956c65ef08c5c6daf7c0f07ee3ccf955338b0a5d3127c390fb5a33.wav,299,101.20299310816036,0.2916439504967854,-1.510558922937253,0.0,0.0,107.13855931205812,0.0,361.83701533248166,0.0,196.3088035577054,196.3088035577054,0,46,49.34782608695652,-0.0235079779129425,-1.6072128767220792,62.5,0.0,43.8327936552295,0.0,120.0,0.0,85.0,85.0
6096fc905452402efa9664c85554dcb33252bc3271459038c456c254981291dfdcaaaa6265576a89c643217bce22fb228cc79b5cdd995367e69fcb8478193ead.wav,532,75.04819471056075,0.7557201248868985,-1.0528364160891477,0.0,0.0,94.46334322641538,0.0,261.24530696259023,0.0,111.46271588884282,111.46271588884282,0,81,106.71075837742504,6.901229300106507,52.15162564737767,70.0,70.0,157.3628282039056,35.0,1390.0000000000002,65.0,85.0,20.0
3e916a98fd096955e883490f1a4954324edf2f6c96a315e744889f3b94d0c7c270812e7f45536a1032b69edf7399062b1438153d91ea751ad7422ef9af6446e5.wav,462,87.68848781242833,0.2431667392449775,-1.4994552371897625,125.01389651173102,0.0,89.11455454611759,0.0,284.68465131744296,0.0,156.6998174601049,156.6998174601049,0,70,186.25510204081635,4.074361315785363,15.551145530387808,90.0,70.0,393.3951128399166,0.0,2180.0,70.0,105.0,35.0
3ca17b2d3b36f74697326421698bb6586f55617f249109701e18b467267d29a15ce9a879a33c9fb0249af9db18000cc31cd339415c79a142d4c1d8662fee7c1b.wav,426,45.59890579516107,2.731768428007202,10.476658713809416,0.0,0.0,93.09139364838371,0.0,578.6012184812216,0.0,0.0,0.0,0,65,424.7972027972028,3.385070122403942,11.966809530032368,70.0,50.0,968.6452091452572,0.0,4985.0,50.0,115.0,65.0
2f27f3d8a65a204d9a9bcb1a445fdba1337dcbdefec5fb357d0224f8319879f3ed9f801b2d2c0b7d5b939309569e21b2fa7d4beac339c9cabae88c7a53f50884.wav,438,48.3527420027208,2.108549429330536,6.338101016117475,0.0,0.0,88.33561284980846,0.0,599.9670982203406,0.0,127.86238379931837,127.86238379931837,0,67,299.2910447761194,3.3346350475758437,10.469370907272662,85.0,50.0,685.381172677002,0.0,3390.0,50.0,105.0,55.0
190747bcebcb1f5fbabdedcd7f10be08bbb401f46b7eb0b413fd10a136d459d0a9194533b796b51ba42141c37d95efcf845fd7ec09bbeb602271d8506816fdfc.wav,467,78.63533912632204,1.060379701203375,2.092200380245319,0.0,0.0,94.53031692397732,0.0,558.084463307331,0.0,153.13662235351512,153.13662235351512,0,71,296.7102615694165,2.3350592214064103,4.038471311709196,95.0,75.0,521.8412891995431,35.0,2105.0,75.0,125.0,50.0
5388a1f3730aee81e419b710476246813255f6b4a6b4ddb23cc6b654ba3408bed88e055d1c1d97e473618d051507b5844184f091e2d6ef5715a37fe1790350ac.wav,616,77.98318918562231,0.46210562095188,-1.5590732878378426,0.0,0.0,92.7534398053132,0.0,259.90276116967027,0.0,177.338868630358,177.338868630358,0,93,169.430596285435,3.9588590656397615,15.28845678476914,50.0,60.0,481.83637231156496,0.0,2860.0,10.0,60.0,50.0
09aede4808dd4296be3518070e674db8e9e24f3b21261c4a990ec6b08a1533b5e99f690a0fe4345d3038781785895e518523a4a15b696ab2ef291f565f820408.wav,683,70.40227985159825,1.2000507469624362,2.480615336047909,0.0,0.0,93.07685636056388,0.0,568.7968432584801,0.0,155.70787126227788,155.70787126227788,0,103,82.57888349514563,6.2843352620083,42.2551859793325,15.0,10.0,286.72758839796126,0.0,2380.0,10.0,55.0,45.0
24ee1460fc1664c3d3b0476ef9a1100fa7550be523724fa17320d00f5c2365316d449684d56dfbac8a304a4acb4a239a15d8651170dbb77f0927e67aef1272be.wav,700,83.59394337084176,1.9434024817175657,4.7580238618520925,0.0,0.0,121.19311795892966,0.0,585.109806511006,0.0,158.6559792052942,158.6559792052942,0,106,35.51100628930818,0.5285354850092371,-0.7772590788074853,25.0,10.0,23.74815747975827,0.0,104.16666666666666,15.0,55.0,40.0
07731fd5180ef98f75d32219a2f2e91acec5f5e9b7482166ebbdb31117c2a4dc5d2445eb679530fbdc3fec00a22ec9ec199e1ae80a8347685485400fe2de7cf9.wav,570,64.29440858244675,0.7447960674806446,-1.275721144186189,0.0,0.0,88.72630727401712,0.0,243.439344873412,0.0,165.23579336001026,165.23579336001026,0,87,149.71264367816093,4.04945945230655,15.11193367440903,25.0,15.0,458.0031347592861,0.0,2425.0000000000005,15.0,62.5,47.5
2a601731e9d2c3f367f80a5e69df6ee9794c7f3412a10d81669e7bd290e1a9368ff06ed700bb213fec8c347d7c5687b25812192a72c4f275694a1f20e0f46e45.wav,652,81.2170796164204,0.2624980186141428,-1.664079333079605,0.0,0.0,87.09049909995458,0.0,277.0230850431138,0.0,162.61876827150817,162.61876827150817,0,99,55.65656565656565,4.762739055347151,23.121387776001427,50.0,55.0,75.58073636461481,0.0,470.00000000000006,20.0,60.0,40.0
256ab407225420cb25817034536139e8994e2d2a91324291fadb9439719391e9ea0263e3baac0a4fc09d03c32ea2f85f6abee1d213c9295747bcdee1200f276e.wav,476,85.28162231038323,1.2492073445136058,2.191059696584479,0.0,0.0,108.01522273224778,0.0,593.3955570107782,0.0,162.9961656612871,162.9961656612871,0,72,138.61111111111111,6.954136007487087,50.92775806622439,50.0,10.0,525.8863036065758,5.0,4285.0,10.0,61.25,51.25
13a16cc682cb323e6abd1ec3b94d112b2195f081dc21f2732e231cd5a807d3ed557b7ca16c755f5b6b19c7bff5979737df59894cb84774f87526a0d919db73cf.wav,688,74.34870630515883,1.4094754107846263,2.777884745119491,0.0,0.0,103.00009217912891,0.0,531.9937063596306,0.0,167.71602170503436,167.71602170503436,0,104,113.70192307692308,6.228354112764947,39.1494516991067,50.0,15.0,398.43805328305945,0.0,2850.0,15.0,60.0,45.0
4220a16a75a81c1f96ad34498f70e7d418796ed1d769966a20062c50ac931db3e868440ec444536f776370f6c896dd8c8bce53abf98d4a02db59ae3990633f7f.wav,791,104.52091361736308,0.4791231073870574,0.0609826312707495,139.25222826496395,0.0,102.86026612356356,0.0,540.8578732868056,0.0,191.4529207973182,191.4529207973182,0,120,63.19791666666666,6.712003821807418,48.00078543882717,50.0,15.0,124.51445237331446,0.0,1093.75,15.0,65.0,50.0
11750d8cd241cc0221a9d8e61a7e61456036bdf75f8432deb73777fef7607bf4c2aa145b936817fa3eb73c46b771e25186a34766497af51797691117a3dedd13.wav,553,46.397898725377686,1.8077078345242763,3.476128115995904,0.0,0.0,88.27567084151059,0.0,561.77500375272,0.0,0.0,0.0,0,84,154.45054945054946,4.4905395662617735,19.43784612189022,15.0,5.0,508.16944391988847,0.0,2845.0,5.0,70.0,65.0
09612e7d40b3154a82b215d6320e332ae4de11122e70384b27c8b0a105be6ec411386c4da7f2757407087c2a4797ef90bac6c44e63dd03cd8fc5cf04e42ee1a7.wav,210,118.1508444619602,-0.0705769567735478,-1.7021536782645816,154.24479839964917,0.0,106.1455013691596,0.0,318.6016031612019,0.0,209.82300582527608,209.82300582527608,0,33,272.5757575757576,5.207641420987334,25.91603281069005,75.0,40.0,904.6823661676672,0.0,5300.0,40.0,130.0,90.0
1124265b15c4d0382314f114022b408cf1342a4b00a027a510a9bc35767b15a7fed4a0c70170aee11d665fee91f7f0be166ea922ac2ecf68c192dd2c838a64bb.wav,525,100.67935911699036,0.3109955859535355,-1.6106510675660786,0.0,0.0,108.99859176248498,0.0,306.7208910781047,0.0,197.37818135110527,197.37818135110527,0,80,443.5625,2.0931645503034058,2.554694956641895,70.0,50.0,853.2592637022759,45.0,2800.0000000000005,50.0,236.25000000000003,186.25000000000003
2c3af6ff5bf5b5d7243232ff78e02d5be7c71ab17b15dd855540d439d60110cf111096b939acc80d37705bac5cfb213c2dca585f7ca87ebb365a741be9e829d8.wav,728,72.64127410183376,1.9583592961930565,4.4507966424373775,0.0,0.0,121.5324839359227,0.0,594.0871905382162,0.0,180.8361590919244,180.8361590919244,0,110,54.03409090909091,9.856013065264657,98.22301697909072,15.0,10.0,208.9108429811211,0.0,2200.0,10.0,60.0,50.0
21ae48ddd64439c74464db906e36edd8a83346fb3f852bf7185b1ec1432bffc22e2203cda66d8afa1929ac3964991a936278e14b535ca3762f71997aeac5bdad.wav,611,72.08326551149958,0.7678496325948777,-1.0881697140968094,0.0,0.0,98.76035309590333,0.0,323.68828079246805,0.0,185.33278154985013,185.33278154985013,0,93,356.7741935483871,2.3362003614061826,3.512690356437302,70.0,35.0,762.6787275678827,0.0,2480.0,35.0,100.0,65.0
2e36aa8055221b43e3a5fea6c93f90081ac29fdbf0f9a076da2b7f566389edde99bd7ff7f9694c19eb05b7c768ef3ba7c3ef838b0beee1bad1dcb7b27c3729b7.wav,378,104.21278780758162,0.3827891648375711,-1.674222502669765,0.0,0.0,120.83545549756631,0.0,314.6182968903175,0.0,216.68737112652053,216.68737112652053,0,58,607.1695402298851,1.315369342631366,-0.2146144422133247,87.5,70.0,963.9378589271035,30.0,2735.0,70.0,285.0,215.0
2d103dd7e00c6f72439af338d3df01750efe1a6f0147b045890c1380383f173e00e6b79e2b3eaae1453700f183e819911d3375e3fb10e8cb49afe1fbb4acb736.wav,452,102.44256142846136,0.1355591288310104,-1.834227268288824,0.0,0.0,105.9467284260146,0.0,278.65275521575893,0.0,204.6036404800173,204.6036404800173,0,69,264.7826086956522,2.9904893405643493,7.135484183687408,70.0,35.0,622.4306228627033,25.0,2420.0,35.0,90.0,55.0
54057038e87d92fc687b1e5919739a3a7f6a07c43004405e8cb81ed599bf705a1da5638ca4c7f9033b4d45e87b01d5de07ec8f0dc49d5ea6663a2210cabcc367.wav,659,69.4668182099287,0.4556838772072165,-1.4581176849628932,0.0,0.0,81.37214048141496,0.0,247.33086530376644,0.0,147.11199907048098,147.11199907048098,0,100,281.93333333333334,2.76389390315006,5.990357192898351,80.0,50.0,622.1611849030763,0.0,2840.0,53.75,91.25,37.5
2e7de90d9df43c7cd4d41f7433a0969df69680faf4934ced29e9d2c46287d4a2c741aef750ca5f4bd8f088c560556f4248e4298d5824a691085687800d7487dc.wav,224,110.34488242134366,0.8077436127737273,0.9570314646028506,90.2704155217598,0.0,119.8626695389386,0.0,589.601668982536,0.0,217.68109564260104,217.68109564260104,0,35,91.85714285714286,4.193446382271314,19.328832083737485,70.0,70.0,108.52310954871524,20.0,665.0,47.5,80.0,32.5
3b7d2d92e472d585797651c9efedd9c07df77b4bfc7f274d4ff60739062470bd7027908c74990fc7ba8c2fdad67ef35abc43f0e8e51148b8a3bbaca7d839964a.wav,611,112.60387632854614,1.0289534387961403,1.300926606271589,0.0,0.0,130.9197998642211,0.0,596.4327050521924,0.0,212.5815267924279,212.5815267924279,0,93,60.26881720430107,5.636049880430217,41.98427153386277,65.0,20.0,69.08528931455862,0.0,615.0,20.0,75.0,55.0
1ba626e06913f239444813ba254e2fbabe47920caab17763d6c46b59a92a76acbcbcc264c0f4cccfff4fd6ac7ea7f2c73678af1364d16db4435d33c667e31b2f.wav,287,115.9415037023503,0.1768120801612872,-1.857126596159686,0.0,0.0,122.45214159922388,0.0,314.0168866508098,0.0,242.8218476723519,242.8218476723519,0,44,346.0876623376623,2.7640718066652616,6.211933871459333,95.0,80.0,599.3389696752116,65.0,2485.0,80.0,240.0,160.0
32f5c16bf3f6958711ea06983889013f50e5212b2db62668c44d05e701f82355c73defe43bfbef945f026e2ec33c5faa8cef7ac18730bc112efe8634b68ac8c8.wav,431,120.20553652379805,0.0907900074871611,-1.6659082285442284,175.67934737498064,0.0,115.03446662154938,0.0,344.7136939814155,0.0,218.5694291336833,218.5694291336833,0,66,267.72727272727275,3.355076532589861,10.283377941208451,80.0,65.0,565.7143391311754,0.0,2880.0,65.0,172.5,107.5
4673d130556055dc3b46162346c86ee6b6572491290f2a1024263a7f53e3bad53dcb568de075a26de3094b9564189a100adac5ba9c9d280251775fcd4f7bb0c5.wav,371,103.48852604938016,0.6559733547152757,-1.0207632588737647,0.0,0.0,130.96616971073,0.0,552.7531077074779,0.0,243.4376037567553,243.4376037567553,0,57,290.2631578947368,2.5541694348872515,5.943100968957388,135.0,0.0,427.27453380601855,0.0,1965.0,65.0,255.0,190.0
0b0dffad192a1a860cb006fc4ee7b17d738f1fd05eaeb066975f70b3faf4d2f6f56f49b5bfa895816c9a67d55adceadfac27e7c3549765b9da4b7e7e676ffa40.wav,654,101.65552526520942,0.1991357002144585,-1.8558819777162023,0.0,0.0,109.2935062182324,0.0,277.1664136910521,0.0,214.97662296351356,214.97662296351356,0,99,549.2992424242424,1.095001864404728,0.5190658445816134,260.0,75.0,527.799252333039,60.0,2215.0,130.0,982.5,852.5
33d1fa05007f5f5d6a1c7ecb0de54a781a1c16c40dc9efced20f834875d1d3a4842122773d88e8727c68738f963842baed2e28ecc2b618e2105b939b8df839b2.wav,618,80.17413038750456,0.5353048802945392,-1.517989986146241,0.0,0.0,97.50994541739765,0.0,262.6557315007502,0.0,192.73780940474435,192.73780940474435,0,94,94.04255319148936,6.446675816952326,43.08209248443511,65.0,10.0,244.3491970605173,0.0,1985.0,11.25,70.0,58.75
0fb8e942d0548788e802064a2cb0eaba140fdb80c894be6b2186ddcfba07de61a61b7ddb438fbaa54f5be339dfe3d14b56595ccd785d3d49b68356130472ecc9.wav,373,70.04214253734872,1.7318521632821082,4.60025035408477,0.0,0.0,103.94188623239287,0.0,583.1818763238682,0.0,181.1604659271449,181.1604659271449,0,57,295.080971659919,3.0258118257984497,8.220215469369183,95.0,10.0,554.3091797490688,9.615384615384617,2510.0000000000005,20.0,360.0,340.0
1c562ca079364be3677eca11fc4cd41c7dfd39ae1e73fac8f160bb0c85938a5d10351faa91c2533b73e2e24cfa4ff345d5f9b0c5340304bd860e10695bb94f31.wav,402,135.54409498906696,-0.6443343716962844,-1.4976867170342263,198.4667676160148,0.0,95.97113016028642,0.0,236.54251177282623,0.0,206.7962304455903,206.7962304455903,0,61,124.27790788446526,4.7463396661881,22.141898106711423,70.0,70.0,236.27628760548717,5.952380952380952,1410.0,60.0,80.0,20.0
4a84e4b49ee540c2cf7345aec19e903f91ef697d19cbb2a3b7997ebbc42153a6fcc435c8117e60a3fd6999d7fcc273c4708760bf03120da81210541470d838e0.wav,309,122.51212591370808,-0.1048273651405184,-1.7956241861860731,180.88376673456335,0.0,110.67207886574283,0.0,289.0210988702915,0.0,212.69595879784336,212.69595879784336,0,47,232.0744680851064,4.725466831327966,24.592426486518864,135.0,70.0,450.010141478198,15.0,2925.0000000000005,58.75,187.5,128.75
4735e927099f8ac1b7c7534cc1781f24f94c9106f6f8c89101fe5c1c296eff93f3e5401b2fcc10027770597c6bb25421c2d1bc28528d08f04c4ee8fbf4286e7d.wav,525,73.98884907030866,0.787445528245701,-0.5925253877472256,0.0,0.0,95.8302909411959,0.0,439.5788605193338,0.0,164.53463297287834,164.53463297287834,0,80,164.5625,4.706286151646449,20.85282951067939,60.0,15.0,418.5489769354956,0.0,2405.0000000000005,35.0,125.0,90.0
39ef16f3b27a83490c516cb41cd8c7a2e5b8e1aac0ab1bcd15c71e46d89dd23652b2b2b314562dd2577edc0098f145e5b49b1f8a80c33e6f910a40fa6006d746.wav,652,81.31417881029452,1.6239938393838078,4.494233407133023,0.0,0.0,104.2325809178493,0.0,567.2734010976246,0.0,158.00003476686788,158.00003476686788,0,99,301.2121212121212,3.5463555668838342,11.446841002351896,50.0,15.0,822.6055214338647,0.0,4310.000000000001,20.0,117.5,97.5
165c50e3cc1c884f2e0adcf05de4739633366bc019b93e647b8151a0fc30c8e8db5fbbefff2d1c94beee9f03e468e53330efc5d932c483855266b417cf8de6fa.wav,486,141.87548962861317,0.480451646897554,-0.2182946554684885,202.39675573483785,0.0,138.6687919798282,0.0,589.8157960913704,0.0,245.1020704606157,245.1020704606157,0,74,292.1007371007371,2.6178328804569087,5.844187631035474,80.0,75.0,502.95647426274087,10.0,2130.0,75.0,188.75,113.75
378d2dd4d1cd8c3f4e17e7def5a7d5ac15d6d1af2f0b2c22b72c8eb338a1d7cef751ec6190446edaf029691d3e565027c9bf90cc66c2dfb6d6af17792402082a.wav,414,95.0301385569379,0.4449890414663658,-1.711802137750395,0.0,0.0,116.10933041852488,0.0,310.9300166499099,0.0,223.17192683853352,223.17192683853352,0,63,315.421626984127,2.0710279771417013,4.506182440210061,101.5625,75.0,391.7146752124782,15.0,1950.0,75.0,402.5,327.5
632aecb8d3d2e0451a846d6e6fe04799addbd5cff2b864b80d44ee5b81ca8842e575b969aa79de8fce67dd912022c9fd549d0e505f0b943fc0dd8f7e68673ae2.wav,347,88.91916232037029,0.6522059790612941,-1.4307389752738502,0.0,0.0,116.75575138107732,0.0,311.5872491384848,0.0,226.50518682154083,226.50518682154083,0,53,307.19676549865227,2.19242761468288,3.976394194645685,85.0,75.0,472.47840813151765,35.0,2020.0,75.0,165.0,90.0
0d751b770868ef0424fe7b47126eaa5f792614a72ac24511d4bd502ce9026c20b78136f7a4c5c4db28e6c95ba0a380c10c7f1b6c1086bf9d362968c5a384437c.wav,515,117.75450109470584,0.3055927547605753,-1.680537490713298,0.0,0.0,129.42535800876612,0.0,337.73029821930623,0.0,240.84362220080448,240.84362220080448,0,78,584.5175438596491,0.8453063190077821,0.4236973057304682,547.5,80.0,473.06214667554906,15.0,2135.0000000000005,147.5,916.25,768.75
09b727f49bb567b664fff17c2a401a08f2a0dd3b0a556c2f7cd319564cb742605be4ee404afdb96085b08ac4e7d26ffb2ede572c78339ae908464bfa244009f1.wav,390,162.17939220507054,-0.1513669612657109,-1.0855948927424182,212.022849802209,0.0,128.30929819132714,0.0,555.2109465849364,0.0,258.91898031754744,258.91898031754744,0,60,318.3333333333333,2.0080931080198057,4.034456425699571,100.0,75.0,404.9255761522385,0.0,2040.0,75.0,308.75,233.75
611b5b121c51d1ffacd0408478daf79963517484e5ec44ad88e60d9a24a8e6c20f46732820f36f17e298995c2f20b467189850b5eca56078de1682c93f8390b9.wav,486,104.57948617722494,0.5696470504070936,-0.8629805397407146,0.0,0.0,124.06464992750507,0.0,559.3237020624159,0.0,229.45299778852305,229.45299778852305,0,74,435.2579852579853,0.8025373494421505,0.6637945656388089,505.0,75.0,360.49652646676174,20.0,1620.0,75.0,688.7500000000001,613.7500000000001
48e1ff06145021c6645f0bb34f01005716c6ee1de3fab6ec4f3d4492da2d619b67bae85c4b05749d395f7a03651b56014134980cda796257e87d2cbab5b6c6fc.wav,402,123.51494642239902,-0.0863236024890038,-1.9106389129690984,194.9948220209316,0.0,115.85035480426671,0.0,278.7571896881803,0.0,232.6479370333804,232.6479370333804,0,61,314.39110070257607,1.6767186156250014,2.2044787505676373,80.0,75.0,390.5268729236223,15.0,1795.0,75.0,440.0,365.0
551d73d30ccfb4baf2b0bd82678e5856c7be3af2aa21dd1c741d98b270988238234c4f2b4039aae1ce68c42c87a2faf23bd6d1bc0fdde057dde8c86b716cbaf0.wav,335,113.3004794336119,0.3959911095803599,-1.5399139381300757,0.0,0.0,129.3641171164126,0.0,378.2029177479012,0.0,234.56147943376183,234.56147943376183,0,51,295.1031991744066,1.9154593525236556,2.6694059572746065,85.0,75.0,393.6624045384953,15.0,1685.0,75.0,322.5,247.5
48c12da48c95a524145d9134ae119eb532f86a5c201415950ba8c10078abf46a11c7848213eae63c6a977d29e548a780957ab7f1e79e1fec3ea0a8a9948ef2c6.wav,323,99.8610467482372,0.7195894442144993,-1.0597393621179436,0.0,0.0,132.07918780713672,0.0,510.6248475401619,0.0,237.59868544464888,237.59868544464888,0,49,550.7738095238095,0.8630825362628523,-0.126306315603486,530.0,70.0,494.2321227484739,25.0,1775.0000000000002,85.0,790.0,705.0
000121bf1a96a58038bdc32ce9dee60175ee914ffe875e09dc3c96ff1d2d232f2ccfa019c7ca9672b94c37eaf162b9c62efa619cccd6280f8079e78d55ace005.wav,323,98.6503698424196,1.495055222219262,1.2592033923873949,0.0,0.0,162.45627357365083,0.0,596.9452782929133,0.0,216.34136848271757,216.34136848271757,0,49,684.8426870748299,0.9517227740912928,-0.0319906654563388,500.0,75.0,630.7592788101347,30.0,2182.2916666666665,75.0,1000.0,925.0
00c89197deb8604133424e9a124f7d498c0277b920bc071e26e44428e881b2836d61da425de4e1c8f05338f9f033f35e0a0340ee1819ba72b99cd00beaf32b03.wav,299,93.59624018675046,0.5611477229735585,-1.5474188391564447,0.0,0.0,119.26336731227074,0.0,321.2087004069101,0.0,223.69214893048832,223.69214893048832,0,46,432.9951690821256,1.7562228670190585,3.689523001683909,222.5,150.0,456.5530125014099,25.0,2240.0,77.5,667.5,590.0
38cd59f7f59aa4225b6762701d146023653771183b033d21972e1f35cf11b780f69ef344765be1c27842c875a4f38bb144518997e6a5695c9f360e56af57676c.wav,383,118.31902791814989,0.3395844538954569,-1.3808347527673834,0.0,0.0,126.62305179854202,0.0,501.995285508626,0.0,229.13935842350844,229.13935842350844,0,58,499.5977011494253,1.1271799137758465,0.5633481325205767,267.5,75.0,473.2032270540134,41.66666666666666,1795.0,76.25,733.75,657.5
0561cfcf0b143270107e4bc860eff44ea4ae38261a454c8cdada088ef37107af0153c8091c28df15dbbfaeae9b596e62a0312f658d4f76783d4a80848b31f9e6.wav,306,83.1056585751147,1.5558374898367386,1.8012335744694514,0.0,0.0,136.95538874386162,0.0,596.7192935873817,0.0,206.53189034747945,206.53189034747945,0,47,658.2785299806576,0.4977915763110465,0.5817615051123886,695.0000000000001,75.0,408.8826993917447,34.090909090909086,1945.0,332.5,967.5,635.0
5a09e0a199417c133d68f47e03de18d065cbbd4dd600898638f648c670599de02b286171982e8d482e6d2ead415ad17665f872ffb9ce7c91369e74f1f7a08401.wav,419,98.21561728048444,0.3787209025617736,-1.720602901280482,0.0,0.0,113.797953955911,0.0,302.735527682079,0.0,214.6278885406961,214.6278885406961,0,64,498.55034722222223,0.6169650491825377,-0.6741214113607059,332.5,70.0,421.3188391337188,40.0,1597.2222222222222,80.0,840.0000000000001,760.0000000000001
5d3b3fb4bf7afcb529bdb21e3433441d39801767b071ef2f397e4be830a8c84d01ee7c6a9bee5c8c2c3993eb026aae33f998b9ae6a200b7066657b5c99b34cd6.wav,354,100.20487594267608,0.2530648372869852,-1.8488399356584184,0.0,0.0,109.92884540666576,0.0,260.08313736732555,0.0,219.14391941499647,219.14391941499647,0,54,474.5428240740741,1.251056542545734,1.3330915818185352,337.5,70.0,450.2285568983492,25.0,1950.0,75.0,690.0000000000001,615.0000000000001
5804e014ff9f675b682c7a99ae55bac7b758e927221d735543fca58db358b89f7cfd7983097001e9748c862c55a82bd5371679dce22d8190dd4de97e28744f73.wav,426,119.26225278446738,0.5014234428436628,-0.9927138084027898,0.0,0.0,131.4963894381454,0.0,510.8345806387268,0.0,225.47099938475543,225.47099938475543,0,65,389.0909090909091,1.825158663575264,4.0721929368963465,185.0,75.0,432.0058407106753,15.0,2250.0,75.0,640.0,565.0
059eccc536d9651c645d8126d9be845d8da835d8d636846bbc568ed047b3a75fc32fc06d0ac469f4f4ba1884f52488d61ff55b56c154f18a14c26978b453268f.wav,570,107.22375770702445,0.3322061716336785,-1.6303220177673945,0.0,0.0,119.91120323916824,0.0,415.3373397761669,0.0,230.26213820594464,230.26213820594464,0,87,421.6091954022989,1.7886695619205148,3.1999113513454125,215.0,75.0,485.6607622686834,0.0,2260.0000000000005,75.0,652.5,577.5
26f18bda1f4224bee360eef26aaf4e319d431f5499e55e83d5052dde3217a3ebbcd261e70b2d89affab7d649ba19c1764f0417c1fb4b23f3ca6729a3d60c1469.wav,323,115.75439347819714,0.674369416146654,-0.0711805754582313,0.0,0.0,130.06352172080372,0.0,568.1900445331795,0.0,222.27307345719717,222.27307345719717,0,49,456.8920068027211,1.4962681060694876,1.5023138653276351,215.0,75.0,517.5948977422581,15.0,2085.0,75.0,640.0,565.0
44991137b86f7bbc964d95b9733d05f0622caa877db15e304ef67c81ffe156beeb668a72b51cd536fe01d6fc42dc6040d03aa2fcb7116c92a87000b388a6ef2b.wav,366,95.72306293148571,0.4351587795685583,-1.724110990791336,0.0,0.0,116.54424954097122,0.0,308.9782347634674,0.0,225.11890717718023,225.11890717718023,0,56,461.7938311688312,1.6056526897279728,3.1986342784697896,380.00000000000006,75.0,463.1118628879439,30.0,2175.0000000000005,75.0,688.75,613.75
0cd2458133b8852d209b91ba64149f99e507d7675fe8cff07a7eaefec4c075b543d4f35a073c3e19bef498f4632667d1982631d12103f203e8993ce0eb09cbf2.wav,371,112.12829004355702,0.2194390294111531,-1.8187967098697728,0.0,0.0,120.84515587063365,0.0,309.1324197878528,0.0,244.1811759920828,244.1811759920828,0,57,500.87719298245617,1.0517057862739003,0.9314749985229036,485.0,75.0,456.82938848282777,35.0,1940.0,75.0,785.0,710.0
59b439be3021fd4cc4cebca65ca9537b021f5d2405a906c9279934fcf62057eeaf3f211914706163799a14c93b824dbb27729d41c3972c6b7c57109ccc827720.wav,503,109.99929390294784,0.4035129662483384,-1.4116758859241798,0.0,0.0,125.7244324777526,0.0,527.7629026566178,0.0,235.8464479483885,235.8464479483885,0,76,521.063596491228,1.5661254769340935,4.413520073084279,527.5,70.0,399.4311698889786,30.0,2170.0,195.0,735.0,540.0
2aec59ad9b669ec72ce7300237b66dbd4fd8db6e76e0a1e48967f6995f3f20781832feef89a1e893ea8686e434cac6968dbe9ab235dd67d307adf5b872ae0b0c.wav,270,72.03191322020251,1.0315309509592108,-0.6711376591019582,0.0,0.0,109.22673238397763,0.0,322.3393381039965,0.0,202.9289633432389,202.9289633432389,0,42,404.1666666666667,0.8593818300907689,-0.471373027634816,177.5,75.0,397.596823587644,0.0,1355.0,75.0,665.0,590.0
4427bdd3f1b0ee34b1cb54769ded93a4df89d5c6d0b6c6e36d8958803de9a9ef5c8b0bb057822ebed8471f477a9cc76b034814a03e60db865df46adb3db00035.wav,366,84.86146367126683,0.6730422525114018,-1.4910623642418313,0.0,0.0,116.53723719378972,0.0,284.3125426284028,0.0,225.1828242595747,225.1828242595747,0,56,375.836038961039,0.5164265264414468,-0.752739119700351,350.0,75.0,297.6297894435961,30.0,1115.0,80.0,596.25,516.25
507da66c77f845bf43c31d74fc6609551ebd841c421b37b08491aa457a165f0c2cca12ddc9928053392cf331d509d29f32ddc2a9eca98e717c777b015fc0c87b.wav,323,81.97717438633845,1.2002324986581538,0.1243854672704434,0.0,0.0,127.06575293530808,0.0,494.2615823939578,0.0,214.6912873437034,214.6912873437034,0,49,637.8954081632653,1.2286204978965625,0.8075092584630847,630.0,75.0,618.8583791636484,25.0,2240.0,75.0,775.0,700.0
4743947521d323e03b194e441ce69e331ca31245c690ddddb6eaaaaad8eb08ba788057d63a57a018bca0bf4789da51e73f9d743942d58b3e5e07cecb6862b53c.wav,258,75.9193035217798,1.6456353834195612,2.2831152764038274,0.0,0.0,130.82046999278776,0.0,584.5243718760441,0.0,208.57166867089296,208.57166867089296,0,40,709.0625,0.6035074444299555,-0.799049767225311,550.0,70.0,608.9164781345222,25.0,1945.0,105.0,1082.5,977.5
1f3399d6c3161ac7f9934861ca52d33edd12045bd6d6bea6d648acbe73e785175ec262fb3c7e183fee8ecce908baa7cf886dbd25080f8733b930c2130c3167ed.wav,294,97.81967435663849,0.5475075980638009,-1.541309409408923,0.0,0.0,123.48833550605588,0.0,326.84625841174886,0.0,228.7591120395824,228.7591120395824,0,45,413.34027777777777,1.3316992050121566,1.6750049066386774,260.0,70.0,384.9108269645142,35.0,1655.0,95.0,740.0,645.0
1ad497e2154d65dfbd40b645e053e16ec0acbb240440cf9162c1a184d1655bf14952a1cf95f2d4c4ce95053a3b97afd4a08d4dc830706a29ccca6333bc39beb9.wav,318,106.02376555140916,1.2786926393866584,1.5086315757905735,0.0,0.0,142.37990475425997,0.0,594.4393516942566,0.0,208.22296020216575,208.22296020216575,0,49,654.5068027210884,0.9400296199069548,-0.628107661773845,250.0,65.0,729.5085771435855,20.83333333333333,2175.0000000000005,75.0,1120.0,1045.0
384ea7706e727ce14bbb8b68e74c194df9e2f2df31f32ed0b6b7612563aeef211645702f170bb5e45154d374fc726454117cd21500c4f1fba837ae006901f08e.wav,438,113.43540797870448,0.5623743884063277,-0.140949539107595,0.0,0.0,122.25545738664384,0.0,593.3306201339612,0.0,224.44050782315355,224.44050782315355,0,67,465.6716417910448,1.6136235587469294,1.5846875128577098,165.0,75.0,587.1960283950975,0.0,2195.0,75.0,685.0,610.0
55baa126db1b29840d3d55da6ac15283dad176e0be44a115b4804b596e6f3caf3086aa1b87aecece64d6da81715a9e6fd3fa20357d3546d1682726b313c1ca1b.wav,479,98.66451460457398,0.9453781025663984,0.1039717180343333,0.0,0.0,130.85492720705318,0.0,589.323652000374,0.0,220.521162942862,220.521162942862,0,73,701.1415525114155,0.9810649377085328,-0.3195466460127685,565.0000000000001,175.00000000000003,655.9092052979174,15.0,2100.0,175.00000000000003,900.0,725.0
262a775b0ee26d41a0372ba7a92801a9781b21277aa2b55e20d07579159597af64a38f3d4fcdf1c559082e628098c9479a438eb16460a413197aceccbfa15a06.wav,407,134.14736572576427,0.6583867392835915,0.1542644696172894,189.09745252509612,0.0,138.63983096073602,0.0,563.2295235207197,0.0,239.35634202206592,239.35634202206592,0,62,376.7972350230415,1.862100074265392,2.8030033144692235,90.0,75.0,517.8200327071198,35.0,2205.0,75.0,557.5,482.5
54686bd831abfb39ef1fb8541d85570045ec2310e7b31b4d95a75bc7aea7eda8cd989c74cb76501a30e2b3f9595a3550356caf35cb4739afb5eaa7eb18abb9e6.wav,342,86.17591246421166,0.6975622052877827,-1.248191346386245,0.0,0.0,110.77149572738332,0.0,314.7877894383982,0.0,218.4031209766246,218.4031209766246,0,52,265.07326007326003,2.2071580331106118,5.142879705077961,80.0,75.0,370.1012742562967,15.0,1860.0,73.75,278.75,205.0
561289ab5748093ae4dd5b0a28433bc8c9e40f88a22f8b411b5c2e34581f5cccc59fb640b9b612ee3073411c0a7d9db2259b07e82e40038c4f6e0ad3bb802a04.wav,455,118.3894825419449,0.4502098551358747,-0.9195004627665204,0.0,0.0,129.06199576014586,0.0,561.9588158864751,0.0,245.0372998934294,245.0372998934294,0,69,569.2448512585812,0.6612243697651351,0.8164044006404665,615.0,75.0,365.1249084761014,10.0,1630.0000000000002,370.0,715.0,345.0
4d69da2bcfe7f49ee1f85a3c8bed6d6acf88f3d6e90ec96735e38270ec55b86a590378d0f1d661de4a1dd15ba5b354aec8f4b470ddb7af1f5b7a27d628a6785c.wav,383,119.22978406349934,0.8491953168756464,-0.6236536233321837,0.0,0.0,153.09533732825037,0.0,529.7244930260084,0.0,249.0710283108895,249.0710283108895,0,58,561.6558908045977,0.9073455748857364,0.2038785829981253,407.5,75.0,482.490775634952,40.0,1925.0,160.0,908.75,748.75
4cca8ebb9dc6f889b2340e00a8dfc81032b463bd231e030bb3e981908e8b2ce939c5a1acec1a31935a7479b158842d2cc5523dd971b6032c37eed90d063ac7f9.wav,354,85.72360343171881,0.7583128089038929,-1.230611725075491,0.0,0.0,118.81276378640456,0.0,334.7291674420167,0.0,225.3607451483605,225.3607451483605,0,54,521.7245370370371,1.1504742391205758,0.9123508615164488,562.5,75.0,500.33262858254886,30.0,2040.0,75.0,697.5000000000001,622.5000000000001
3b267c028edbe41f8fafcfc2eaa3c301d31a6fdeb0eb783e5d3a0abad21a1c8052a78c888a6d2a3aa679baf71b0f43ed321807856aaecd9185fdacfcedea1aa6.wav,383,100.21200781761384,1.2011395485081535,0.7770466322211935,0.0,0.0,143.15128728372497,0.0,579.5678979459514,0.0,232.08280220216312,232.08280220216312,0,58,537.7801724137931,1.163003013267096,0.1631182851756922,327.5,80.0,598.2372202721391,25.0,2015.0,75.0,707.5,632.5
2ce2469d2c66ac16b4c4a4baf939f425567c0a3fe85ac764d3bcf15850e9860c3eeaaef244849ddc001877421200a42bea2c7df00086e3d8b71b2589f4c844a9.wav,551,108.79023055914718,0.265558763042319,-1.697454749621266,0.0,0.0,116.9266872081032,0.0,369.2199099506497,0.0,224.1587582057737,224.1587582057737,0,84,320.7886904761905,1.442446205655422,0.9909498637013052,142.5,75.0,358.2197933923348,30.0,1485.0,75.0,456.25,381.25
1be43b55ccf01054a262b6b30ba714d2a10dfab506b621bda04da558f782cd2fc0d3dd368d50f2b11d44685619ba29b0e9ace80b8794f3d59e6b29a717af36c6.wav,618,86.58265183664714,0.8068452714223859,-0.7590790969646659,0.0,0.0,118.67888941565936,0.0,570.2305223258667,0.0,227.27323512449965,227.27323512449965,0,94,490.7624113475177,0.9623676475174396,0.5043377028575136,295.0,75.0,462.482295673769,35.0,2115.0,75.0,810.0,735.0
05ceefdd286d6c2edd09c25bcfaacb24f40ae408a66b6d2911d932be49d08bad3b9a0afe3e0db010e3c311e7d584e19cf7b4479fcbbd2d6af6563d7fd34742ee.wav,678,109.57039806739716,0.0835937235023603,-1.7909765403075937,175.16659405756295,0.0,109.25532348309576,0.0,346.16996089583967,0.0,208.5139746451552,208.5139746451552,0,103,197.62135922330097,4.368594665134224,20.75186296607183,130.0,130.0,323.4941549420139,0.0,2215.0,65.0,202.5,137.5
16bdf6802fff5c89f1c343d7a90656dc28fbcf669dea474e1880f4dddae028b7f83e03b5984d9133afd429a4f707b18cf89edcd00f18556629411ac79be06365.wav,357,79.07922703601935,0.5332186614697241,-1.6035115363210195,0.0,0.0,100.3005152369243,0.0,259.32305785111413,0.0,189.87680095640243,189.87680095640243,0,54,463.3333333333333,1.7209159571683088,1.2203459758543236,122.5,0.0,770.2338509733165,0.0,2575.0,42.5,326.25,283.75
44f0616c6040c10f1ca1dc786f2a9083e18dc4abdc8358b3ae8230497d3f5c42f5408b6000205783757f1659da970c7395a124843f35d5720b961c30bc143065.wav,467,88.81228056797137,0.6413935747821013,-0.7144503324735401,0.0,0.0,106.14723746808576,0.0,443.5852998126837,0.0,189.08815104022915,189.08815104022915,0,71,513.169014084507,1.5356523927946404,0.5658688869250228,125.0,0.0,786.530194005371,0.0,2315.0,70.0,420.0,350.0
0173ede55dc5813ef4833669f5c937b457f646c4b8fe5678c3cb2573f53a973d90c41cadc5cea5ca0a1daac7b06010cdb146b126c171a9060518b943d5b29ac1.wav,263,87.03622607863174,0.4366784824767118,-1.569421933020796,0.0,0.0,100.62547621186798,0.0,270.7378230846804,0.0,190.27557073101536,190.27557073101536,0,40,204.578125,4.014499318484452,14.57050484852251,117.5,0.0,482.08975814894615,0.0,2395.0,48.75,150.0,101.25
3be5dc317133da88a8c7a0c4a7a03fd863e836d11f4f93612520f9c0be87e043fd33376d5873955a15fdd3c5488892c33263a5d5ee94f147e5d9e168b8e35cfc.wav,419,91.54530383894122,0.4251422812518663,-1.5466140048015526,0.0,0.0,106.69522207933576,0.0,332.54291268546075,0.0,195.97047219921032,195.97047219921032,0,64,455.078125,1.6866752510876393,1.170727048735075,130.0,0.0,733.990852818674,0.0,2290.0,48.75,245.0,196.25
2c7b98071e1ff7c096496e829f35d17943b3781667f111bdb20e4f0945060b39dcd424a226274d8a5cf80be5bb838920afe995bed44bf806ef4b2de27f1a84dc.wav,421,97.70337795886894,0.2381112061708298,-1.762701906862332,0.0,0.0,105.19252652124317,0.0,294.302010306855,0.0,197.1023130720837,197.1023130720837,0,64,527.0746527777778,1.580816503809341,0.622743128183703,132.5,0.0,859.9681440264136,0.0,2575.0,73.75,272.5,198.75
5db6826839beac8d4ff5b081eac6dc6ab3880692031eca4397f6d1e0eb48fef20cd811a2b0c073743911a119d79b69c786de79c01b9da248837217d4de92c14c.wav,479,103.72479699207828,0.0108732698586258,-1.61192707513568,146.26347024440363,0.0,94.53397707525424,0.0,303.1408356410269,0.0,181.82417268133943,181.82417268133943,0,73,329.17047184170474,2.548589137084891,5.029901786508512,120.0,115.0,606.1820040607275,0.0,2470.0,90.0,145.0,55.0
2a6ce9046efb2d76792218569955388b651a2e80e53e25ab59e5357a28d46691fea90a4f20d0d3b243736f39ebd8f219a28e152e98e909c2acf8c5babd8c5529.wav,323,104.89294584291784,0.8916755681239968,0.5359616110876297,0.0,0.0,120.76922106932363,0.0,521.0748997463822,0.0,200.90556847732896,200.90556847732896,0,49,447.3469387755102,1.860569751605217,1.7803880935000462,135.0,0.0,730.5415254794299,0.0,2480.0,110.0,340.0,230.0
5b08ca0df1ed3df6810c74e7c0b4c6b2aea10ab318787bdfac7862ef20fa9c4e0fc070194fd35a745297277a3e56c438b48020121d35c5f4f32d9e8c2efff9e6.wav,234,95.63595374337956,0.1187670379679584,-1.889616129826344,0.0,0.0,98.78744562136484,0.0,248.4773675540909,0.0,200.39141021895276,200.39141021895276,0,36,425.8420138888889,2.1608064569902874,3.461837626633372,135.0,135.0,640.8209296396096,0.0,2510.0000000000005,112.5,401.25,288.75
44169452b29fa1ebeab9388a02312397917056524f12489dcc05c3d4bc5c3d953e80f2b9f3cb635b2725f163c3be431181f34615e3d9bf9b6e081d8811f7b5f2.wav,277,97.8571146775287,0.7506551190847573,0.2149235421669049,0.0,0.0,112.19732342360058,0.0,542.5375987209985,0.0,185.99655053903757,185.99655053903757,0,43,461.6279069767442,1.9988228124225165,2.5650308436714324,125.0,0.0,781.9762686952821,0.0,3105.0,85.0,230.0,145.0
520560302463898154ee70ab5325914263df46283a4e1d1653e780908dc00879fdf8d56c116872299798543ce60bcafb97138d391ee2b893470ac4031cdebf06.wav,263,83.690826897758,0.2162329231281605,-1.8662158917129128,0.0,0.0,90.82640896863175,0.0,220.73473630491657,0.0,183.58830445001652,183.58830445001652,0,40,222.734375,3.463962740733719,11.654437395033275,120.0,0.0,388.5996917896158,0.0,1940.0,65.0,180.0,115.0
0dd1d003859479039d8788a8fa1c8711aa4dff46d15b253e13daa0f316c2f40761eec1e530c91db8bd0293175d356c742c76fedd7da1f9a88d3addcb039e7ad8.wav,400,81.08669296442001,0.748460313820688,-0.8920690746087194,0.0,0.0,106.33248954993933,0.0,384.2711794624941,0.0,188.35363393192443,188.35363393192443,0,61,638.811475409836,1.2213871365343805,-0.145193092372013,135.0,125.0,811.4884127125141,0.0,2440.0,115.0,1015.0,900.0000000000001
00cd8aa28995e41b90953a882f86e186e74041c3293b0b838075612f54db25b114badd63f93b6b2f21dd7a2ade409ffcf6ba8dfaa2b2f0fef337f4af7c032c41.wav,417,84.72503501722738,0.5432965338530349,-1.4683758051960256,0.0,0.0,105.01684208590348,0.0,313.0583808410763,0.0,199.87791317521192,199.87791317521192,0,63,625.3174603174604,1.277609623366503,-0.1476205303040285,140.0,70.0,840.5557841113662,0.0,2380.0,87.5,672.5,585.0
0ae9aa3abd645c0c7e03232b5d3df98c32193f75d4bfc14165fd79754c9db40f5acae1ce204f702135417ae93b3029b4958ea5027e78853d57899f8e33a9263d.wav,407,99.53051567103884,0.8117254669252221,0.0968059843625512,0.0,0.0,117.05027426537218,0.0,494.3721922715233,0.0,193.34767044374175,193.34767044374175,0,62,329.0149769585254,2.558377833998428,4.93184624253069,125.0,0.0,602.2481153849382,0.0,2290.0,75.0,165.0,90.0
0a0758bd60faac4994eb0b67ee7a1e42d1b3fad14f6809ca82a8c33cf3c00b2029919b31d5d594b6790f834c63238e945eeea8efb559f04680599d459da299f5.wav,347,98.28724801396872,0.2829671864511066,-1.821077873087487,0.0,0.0,110.29517640333522,0.0,270.7260773655402,0.0,212.693079551368,212.693079551368,0,53,423.800539083558,1.9491958624983,2.1174629238349114,140.0,140.0,666.6685197032779,0.0,2160.0,75.0,365.0,290.0
139c9209ac2c0c27a87e1195c652c557f6b394b17c33b9fbea92058de71c326a505d1bb8d4030ff378109e45021955c1b4235fb29a304f683a1e1b04d1b82546.wav,373,76.37491991352097,0.7039961421994817,-1.3353937909415203,0.0,0.0,103.29397173193571,0.0,318.7518406300383,0.0,193.90681272016204,193.90681272016204,0,57,324.7300944669365,3.151248125975377,8.80326068250768,145.0,150.0,535.5727985939467,0.0,2390.0,120.0,330.0,210.0
41716b0579fbc56fb55c1c0c207c3edfd878e5d168543c6274ebb40770d0e5492dee24dd821943796b3284c7030fe5d50a1dfb41069e15f2fc4e48d9b2e2c25f.wav,493,69.92193192944838,0.8207593378496487,-1.1375122253426344,0.0,0.0,99.91460877987991,0.0,280.30343532544845,0.0,181.392121535792,181.392121535792,0,75,469.73333333333335,1.5891099096070516,0.7496580434411846,115.0,0.0,800.3427987778458,0.0,2480.0,0.0,245.0,245.0
4bae8332cba01fb19843b86e2b5d0297a510cae90af121ea7811f47808e0ecc9b28c72dd3636b8ee0043fb39765f422915eb381e7a75834e2ad4bee77da46880.wav,265,78.0322946448652,0.6628843284062123,-1.2323571624630751,0.0,0.0,100.60948518314112,0.0,291.29634463985843,0.0,180.83300590803293,180.83300590803293,0,41,491.7073170731707,1.5447270736816692,0.6067087310010844,120.0,0.0,771.9168489246607,0.0,2445.0,70.0,340.0,270.0
2c08576580738460f420270c83e50c9b5606537b08d01c121d49a568127e55499d615b08731fc81d8e54762756b48ffaa7cae056156100af05d06d7cdf203d2e.wav,431,117.32414291051929,0.4401803058886679,-1.0822555042487283,127.45987046281256,0.0,125.29739339953704,0.0,453.6272467800795,0.0,217.3240709117485,217.3240709117485,0,66,374.6590909090909,2.4696615084531324,5.189834024887787,142.5,125.0,506.4317175479509,65.0,2300.0000000000005,116.25,422.5,306.25
603a9e459f9f62e8f9fd824febc9a77ec4608fa9ddcb2ca1c3e9c7718e189a5c47de91baf5aa80a88e374cc9a1cf668ad852210658adcb0321a5719edc40fa63.wav,381,121.40689010761946,-0.3241937788387424,-1.766170082706051,181.14737105668448,0.0,100.31001332462908,0.0,270.2374081551521,0.0,206.16478493877705,206.16478493877705,0,58,286.6666666666667,3.371345767948787,10.762222216907867,125.0,70.0,496.6551915668907,0.0,2375.0,80.0,143.75,63.75
3b41dd3307ac5d5cd0a83152836a81e4ddfd995b7899e10fbf615f4d47f45662917bb13885dfd884c181fc17895cbd1ad92ecb4b02bd05ac795e96f144d9f683.wav,383,106.0863298934,0.5432853062363918,-1.138728213387794,0.0,0.0,119.36213898559538,0.0,362.2064112339192,0.0,205.84109275277157,205.84109275277157,0,58,371.03807471264366,2.264044872553997,3.297831343814284,122.5,0.0,685.9694567274901,0.0,2330.0,70.0,158.75,88.75
1307ec3a170518b412abb0d6983bc82765ae27f197bd06067361225ee4b62e37002b53b8ebb98153c145291fae43067295ee54d2fbfef9462678a8f68935f9d6.wav,414,94.18279157020876,1.3497511021093358,1.9017080569593992,0.0,0.0,130.0133856570144,0.0,596.7781717301541,0.0,213.2006090202604,213.2006090202604,0,63,342.06349206349205,2.2786464203811687,3.5991495223006256,155.0,0.0,591.494364529659,0.0,2105.0,2.5,220.0,217.5
0d5d4ea265102fed30c9a3ada91a5eab3bd3c72802d2f25f09b5e204d1db692c0d55d935897e15da4d96ad9114d47ecebe227423cc2f76f1274702600c9b4ca6.wav,316,133.70658740464043,-0.1835248124417614,-1.4528739696678012,166.7418227693359,0.0,106.250328559709,0.0,331.5359824148642,0.0,218.96842376987772,218.96842376987772,0,48,132.02651515151516,6.068316084579463,37.13817103294898,100.0,0.0,303.1826552384595,0.0,2140.0,53.75,125.0,71.25
336067f9eceb732d06347e420142a8b443cabb6d17925e4c08ce10e45b9d147da661dae68082ff8a479bfbe7c6cb1f81cc484f5e606971752ee3cd8d6346a15d.wav,347,65.37061219292998,0.9918012947686596,-0.7228131732010872,0.0,0.0,100.47340943019422,0.0,340.4413589306924,0.0,192.653928553838,192.653928553838,0,53,319.7169811320755,2.193737038798967,3.535669620011679,125.0,0.0,567.4524459290722,0.0,2150.0,0.0,175.00000000000003,175.00000000000003
5c104a9955252bad1357e3661e9f8c18b32540f816cf985f08e3671b1203c986e5ae886feb2f109a6cd75e668d13a41d01f1ff34d5c101dc01a152f5792ec023.wav,349,84.0430551608139,0.5410135309020052,-1.53927812031609,0.0,0.0,105.77320028374687,0.0,288.5580982657002,0.0,193.02461386692957,193.02461386692957,0,53,465.8490566037736,1.6445795178652416,1.130775774139793,130.0,0.0,716.6679554355467,0.0,2310.0,65.0,310.0,245.0
34645ce965830afc9444a60d873ee8c7294ca6768c3ddeca72c1729093064caa33629989606cb7da7fa17b9f97cd7c1d452ba04863f2d09aa55a397f60b1b5d1.wav,544,95.19479274548227,0.2478405460821805,-1.7565401278515331,0.0,0.0,102.821624614904,0.0,284.0889875436376,0.0,194.5087670576407,194.5087670576407,0,83,391.5060240963856,2.0771095568337623,2.683334341467879,130.0,125.0,631.6762624684577,0.0,2265.0,107.5,277.5,170.0
556ebeedc43a35c3725133c83d83ee90fc960b6620f0888c70cc3b17e6f1813a9e63966479bb23211e74476492957e3e751e043c55ab717144c76fa2e63c1eff.wav,320,60.95929680170527,1.8490852654872525,4.35253452858738,0.0,0.0,104.92889917020617,0.0,565.9908264535061,0.0,172.9477787195065,172.9477787195065,0,49,462.8571428571428,1.5897927954384667,0.6343953047805782,70.0,0.0,806.6730617613485,0.0,2270.0,0.0,310.0,310.0
1e4567f727ab7594d8426bbba84411d959a798a6b2295071d513cd283b7e947f9d4ced0505fc6d2dae203a0176604ea662c33f3b8f8320209ab52e6f852bab4b.wav,335,83.76916882585651,1.2321551559905044,0.7642223564140389,0.0,0.0,120.34261509236018,0.0,502.2007861381605,0.0,177.51519402179582,177.51519402179582,0,51,347.6006191950465,2.661824811367232,5.868332373209958,125.0,110.0,575.4100507823598,0.0,2355.0,107.5,172.5,65.0
5abf223d0d4117e7cc7cb08b13df9bc5584389371c74db54e3e2db1ea0794867a3d284d33822d94daed188d3765cff85b0db898bfaf0108dd0125af6104671e9.wav,568,118.02256572775482,0.4178337642966103,-0.7514359103917045,162.74169536961105,0.0,120.50223502716754,0.0,512.1867096497195,0.0,213.3234260795116,213.3234260795116,0,86,348.4165526675787,2.298161264846024,3.489672559922001,110.0,0.0,682.4539454948609,0.0,2500.0,66.25,145.0,78.75
41a1047a989971ff69d91cdbe0e5a6e6922521d13b50e49e78a70d828d5b1fde1868953ce3af94c561ad54d35ce1e6499998b1ffb0327a3d268ca79129eafb2a.wav,513,110.6986458987619,0.2417711672205956,-1.4011381845626574,154.45346294359044,0.0,110.77285846414982,0.0,425.6174868124183,0.0,207.99133247302467,207.99133247302467,0,78,409.2307692307692,1.945070766025588,2.172227705178872,122.5,0.0,710.5469529781884,0.0,2520.0,80.0,155.0,75.0
0e9348c4f31acd955ac537a8764c787579cf2112672ad7fa8ccd9ffd291b8669d8655d7dbe578b76be57848e7abae9419456f1cd3c009121f2baa6beabf97015.wav,253,85.9396051119776,1.0639187605742626,0.430984855964192,0.0,0.0,117.33487057603446,0.0,492.819565294258,0.0,212.8120555890956,212.8120555890956,0,39,429.861932938856,1.947156355624834,1.9919028295051868,155.0,0.0,702.8476415381537,0.0,2385.0000000000005,90.0,235.0,145.0
01debe0b802fcbc49dc3b42cb7a4497ecdbec8493b72c2d0f5e8a823b5e47084fafb96fa9caee2beecccd9c6b4f69eefd630d446f034a9bf0872dfaf773a22ff.wav,385,78.63014671353977,0.8683652208186419,-0.6281448142066259,0.0,0.0,107.37802127423964,0.0,443.24773181508783,0.0,189.21488541579,189.21488541579,0,59,470.0,1.6496277564042503,1.0000846618106234,125.0,0.0,751.7865726703674,0.0,2325.0,35.0,440.0,405.0
2c26755bf0a79a8edc956919365209fd2e9e819f468593d1cafe9e902d4e37d093f329897c216a8fad7f4351e096d9a2c93509b68260bf8d5a84ec6e7f1de1d1.wav,419,79.94995782958404,1.1685575907688448,0.8956578298908111,0.0,0.0,111.99693532575544,0.0,530.2680819435949,0.0,174.9150425930422,174.9150425930422,0,64,352.5,2.3134614888993696,3.9964793901778615,127.5,0.0,617.2526073253964,0.0,2270.0,0.0,355.0,355.0
2d43aa014c80ffd54683fafcdbae6992039cee484c3001dda739e35408fed616195dfb4e120aacc19521d083fe8638a623c09c9dd1275e8b127b8fe6adbaa763.wav,412,114.6504212929456,0.5355778663296801,-0.8042331619116183,0.0,0.0,128.03586807785436,0.0,588.945687658985,0.0,221.4074453959442,221.4074453959442,0,63,478.9115646258504,2.0273196895171623,3.357121477053136,140.0,0.0,802.4532139804267,0.0,3696.428571428571,70.0,337.5,267.5
0d9cca54b6fc4bbe55b8755b1b95aeac2a28f67cc29f032f51c533f30e9c63bc450dfab8ea8fbce3df869941c663e9763869a890588d28b79fde0b2248486e42.wav,268,93.76833407365264,0.8783811487796725,-0.20115264729837,0.0,0.0,120.54741864261662,0.0,490.613642966915,0.0,195.2452445897117,195.2452445897117,0,41,731.5351506456241,0.7733971212172409,-1.2763742728064198,125.0,0.0,898.5062962980716,0.0,2430.0,80.0,1825.0,1745.0
45edeeb7b096c9dd1c0c354fad961bc68419a567632aa02018945f4836e4266bdbb9c947ca7b98b3a9e823e38e86e22c0b4281a9308817d885f7fabb533ab82a.wav,417,129.09610836823816,-0.1790961984709768,-1.71372333107699,184.5506121216997,0.0,110.7730807098052,0.0,308.44781858442724,0.0,217.3259517180955,217.3259517180955,0,63,366.031746031746,2.403294739164185,4.160220859829034,125.0,0.0,691.9607284997035,0.0,2675.0000000000005,85.0,150.0,65.0
653ee106d8e1014e6f7c74d120b444e612c895b48f69ef0b93c0fc28e6ac4ecd502e0a23274358a1887d7765efd6f9ab8922d2ae6c072e5e248b49402151187e.wav,272,105.1520727888186,0.4955426046546565,-0.6151255560276079,158.30953073383526,0.0,110.81412974334611,0.0,463.9426406881231,0.0,194.62626512995095,194.62626512995095,0,42,304.9404761904762,2.57511108296882,5.198102735760696,120.0,0.0,617.3017534320226,0.0,2510.0000000000005,0.0,143.75,143.75
55020ef1c0cf3de53b4c1044bf777497cbe3a16d34a3588db7dd4867f8f0494d7894f4fe81a5cba1ceac54b3bb8e0488bc1a19f8f6c384c8073e41bd1984f87b.wav,486,105.37298253887872,0.1890802181983124,-1.7587880481442977,0.0,0.0,109.82856136595728,0.0,305.81534643306225,0.0,213.8008310808168,213.8008310808168,0,74,414.3611793611793,1.8402758011700315,1.86567337794428,135.0,0.0,652.942639483995,0.0,2445.0,80.0,348.75000000000006,268.75000000000006
11ab21d710ba4c3dc1e13f0db0cfb9773a95b9ea6dcf18982702f823fa4b32a0398ea0c94e3ad07e65b8386f1cee01771d8801523700d88a69040c220f528758.wav,313,115.68064070389718,0.3960666490636478,-1.5102456623541725,0.0,0.0,129.3164065491359,0.0,355.13815952944867,0.0,232.957395510894,232.957395510894,0,48,598.6378205128204,0.9925815403032384,-0.7932809348125587,127.5,0.0,787.6982545220625,0.0,2235.0,85.0,1196.25,1111.25
41c9c262a0cae3e17cacf6b52017d190471cb3a626fe1ce173e1f1d22c5954b311544e09a66651a1e01fb7a3070c6b99311dc2dc42c416235bcd5a62492df581.wav,275,59.83751561669498,0.9199469849555064,-0.8912639299254761,0.0,0.0,89.04742793647655,0.0,285.7553343245774,0.0,162.8898676900813,162.8898676900813,0,42,218.6904761904762,3.1896108051658114,8.575998865029046,92.5,0.0,516.380557714451,0.0,2160.0,0.0,120.0,120.0
04c7d5eb005809f5a30f35e0dcf7f55c6650c91a56712b4d6a86a6e3788ae1daba571c1ec21f78b4a96e541bb025f01ad482a420c9f7e34cdf7f91214bf1d4c3.wav,364,95.1859913785084,0.7289734825958668,-0.8231495720506561,0.0,0.0,119.44982521029448,0.0,455.2122340383226,0.0,201.0624437531881,201.0624437531881,0,56,329.9107142857143,2.2882888336089597,3.797597075314608,127.5,0.0,602.489990337294,0.0,2195.0,0.0,151.25,151.25
15edee87bf7a5b8c7982c975dcba120e5eeb37557c5ce2ca51f48603647153fa63e7a73ff95b71e81b603e81e6f819e417219a09e05ee030aca20b77527fab67.wav,426,113.02723160575114,0.1631795937486555,-1.382175969893014,164.13890638734296,0.0,108.97119369766794,0.0,375.6982447961482,0.0,201.6563127581032,201.6563127581032,0,65,462.4755244755245,2.0725102756746856,2.953107311922082,135.0,0.0,781.1319806578246,0.0,3320.0000000000005,80.0,295.0,215.0
09a2a7ab63f1bd70a41e469ea458aef8e1d7ae03c0721848dc9cb095366311414ac95b37ebd656ddb1bfbcf619b4e07c2d49686b350df0c426a0353b17c046e6.wav,393,97.6593996309968,0.4767925681881305,-1.3906691178500183,0.0,0.0,113.89030823575416,0.0,410.701043873635,0.0,209.73462339448636,209.73462339448636,0,60,363.9583333333333,2.009611472262061,2.515877694125355,115.0,0.0,640.6109212545127,0.0,2440.0,67.5,151.25,83.75
6289ed3d9b2d2fabc0a370bbb1f601fbd4cf029e6be14bad18a07326d3e82ad5c7c83d6d45bebe65ea6b38db82ffd4ee7e722d927b93498292f5b64b7b31bdf1.wav,371,75.48771240198705,0.698258812193789,-1.3685655375860142,0.0,0.0,102.78791010660144,0.0,283.84562498472104,0.0,186.6331247502344,186.6331247502344,0,57,608.421052631579,1.1069362285451676,-0.4679914403496368,105.0,0.0,844.6239472027571,0.0,2550.0000000000005,60.0,1305.0,1245.0
19319250771e1cc9602d2ea45e048e18ba771714d6867b43eab8ad66a876719b8c56c1ad9d6f23a171a0b44e6e7bdd89cfcd7ffa1202df34a078ba63ec2b1251.wav,347,105.15936990593649,0.3578676284904994,-1.1286307782209923,0.0,0.0,112.55499739508976,0.0,499.08717543249526,0.0,210.82106774107217,210.82106774107217,0,53,359.3598382749326,2.5086892377401653,5.093723593862999,140.0,0.0,613.4590648539598,0.0,2500.0,70.0,215.0,145.0
40a400f518cafee92a44f33f8c84061107a2e432653fd445135e764e09fccdbf6ef6d0ecd0cf48f71cd5fe66d56b33b2917624c2b2e5186c0a34642926cd7db2.wav,373,91.23300601913252,0.668756919819775,-0.6598062689605477,0.0,0.0,107.11004810113124,0.0,431.0553516610905,0.0,197.64093103683527,197.64093103683527,0,57,470.7894736842105,1.6929106250998476,0.9430084763165736,120.0,70.0,788.4154603600888,0.0,2260.0000000000005,70.0,160.0,90.0
1dd9518e1cbabfd3844ff5eaabc0dd5647b3ec8d1f906b2996bac8de56cc9c08a8ca6bfd26fc88b8f213abb1d7fc54579964202d993b29d891aad424a394eae9.wav,270,49.41231704562907,1.344918799791179,-0.0499591288556202,0.0,0.0,90.60732552614658,0.0,278.8814384054492,0.0,0.0,0.0,0,42,315.23809523809524,2.2926628569638035,3.5735489509945357,70.0,0.0,648.6707584240769,0.0,2195.0,0.0,155.0,155.0
597d4b647633ddb475b25781649105ba7e4757082e63999f922a0f6562c04f32963e24b94d89ddee1e3aa95bddaa9b57632df83ba417c3664da3367637062de1.wav,371,79.42564618595134,0.6222876504261087,-1.1828689426040966,0.0,0.0,96.39613223992116,0.0,346.4506856388939,0.0,174.559733223102,174.559733223102,0,57,314.03508771929825,2.25449718439233,3.25861980671721,110.0,0.0,592.5276206431159,0.0,2050.0,60.0,170.0,110.0
216de8c80e9874ac0e846b3b673db08ab8bbff796df01736d8e0eb3acba51aa888bfe7210eb91b74a1d15f72a6ef0d94dbed1b5db1a12ed1ea52d5291bb81d17.wav,585,111.58925211128228,0.4907398489857654,-0.7744521957883106,0.0,0.0,119.84497888069532,0.0,563.9930279885969,0.0,216.43896109263315,216.43896109263315,0,89,421.5730337078652,1.942734243564156,1.950136009066796,150.0,0.0,692.8213753553101,0.0,2300.0000000000005,90.0,220.0,130.0
3c633d4ce3dd1c4f29186492a1764419f211fb33c65ba7ec38990618857677fa8b26a8e725acfe26aaeebec0c908dc7f0fca306e8e8a2b32a92973ebb180354b.wav,407,72.25487131522799,0.7523441635053202,-1.193408639882389,0.0,0.0,99.37232244009653,0.0,308.8270929032072,0.0,180.2423703756804,180.2423703756804,0,62,610.241935483871,1.0684040371393737,-0.7009249363891721,120.0,0.0,827.755139216592,0.0,2440.0,80.0,1481.25,1401.25
3e784976d11db294ff19b3753e3daf2a697a364510e0cfcae7e6b3921931241c42af3337342ef864465a13cb7d63849b41e528af7bf4f2aaa981b76ab44702fb.wav,395,93.67821515978726,0.1859340722101366,-1.7742578876499973,0.0,0.0,98.10100740941446,0.0,274.2900540347956,0.0,189.74893318686816,189.74893318686816,0,60,419.25,2.0755631230565545,2.771425933919077,117.5,0.0,729.9296912488672,0.0,2885.0000000000005,70.0,322.5,252.5
1964f1db6797cbdf4e4afe028f5a137422dc25f53ae4cf3d11c19e86678915cd265c3835f83f14c03e3e9df24c803ea77bf5ee678214455d70fc41d3e78704f3.wav,316,72.27050548386842,0.6506242708059602,-1.4824619495760647,0.0,0.0,97.32512201394395,0.0,255.6172524598867,0.0,188.75102043993576,188.75102043993576,0,48,345.90435606060606,2.155148774779767,2.972637381848174,125.0,0.0,659.6531113345503,0.0,2280.0000000000005,0.0,165.0,165.0
60c8a9d1b84451e3193d0f6680aca85721eff5c04cbdf29e7c02afdd990c21416290eb1d6329fbf3da1a0dde3328fda71b5d6beef59f40c79f9f59c4fa52fb6a.wav,371,93.28043877388406,0.7330518426204768,-0.3637532309879021,0.0,0.0,114.61745927744374,0.0,525.2941268765761,0.0,206.37757272177384,206.37757272177384,0,57,153.7061403508772,4.200890637346796,16.909972568623942,75.0,20.0,344.1024082661684,0.0,1850.0,25.0,135.0,110.0
121c92072d50509a8b506b87e50c523b19c0f5dd318160c7d83c3686143766fe486c3dd08c647987b320f331541090c9437d11982fec606ee5d32f3622b6763a.wav,347,86.78878467815701,0.5326848555959274,-1.4552764808164815,0.0,0.0,105.90443412342805,0.0,299.01762143220554,0.0,180.6905214045653,180.6905214045653,0,53,168.92183288409703,3.760193304229972,12.38740515044982,60.0,20.0,432.64676513926906,17.857142857142858,2015.0,25.0,80.0,55.0
5fb453f9bab01a8bce59f127775fc7c2958c929be56e0e64787eb1f6bc5b017ab9c5ac62f7a1b74442dc9ad896e1f085ffd7743120960c1a16b2eb03c121ea7c.wav,472,127.6310942078155,0.6020713390284353,0.3707020117172876,176.6013024424347,0.0,126.06206942097194,0.0,595.3653122863379,0.0,212.31583911697052,212.31583911697052,0,72,183.54166666666663,4.550980300894666,23.84816119671298,70.0,30.0,384.11915604622834,0.0,2690.0,60.0,102.5,42.5
20dba3a80b5139ac9d2e442a2346a684309ade21c7ad3a531256a0d31be77cca20e10f924a093afa2dde0b5c9f99f82c805ce8fda1fabfb523c613ed3c0d49ff.wav,371,132.5068384150011,-0.3814267315853728,-1.5535535590655098,186.01031298026265,0.0,101.47624224719112,0.0,307.5161160520631,0.0,210.5519445751564,210.5519445751564,0,57,104.56140350877192,2.7031418375607417,7.591467882441679,70.0,70.0,111.15139312901746,0.0,570.0000000000001,60.0,85.0,25.0
406ca845f429914544bba5a28e32393d8f32e95034557897389f32718ab404f0ce27af8de514655337f7a0ed29d49e44bfc532ccb906bae7bb828f9982e29cc5.wav,256,109.3806197552926,1.121249441448342,1.779820766728431,37.75222953415317,0.0,125.77032606386707,0.0,569.0330279746718,0.0,207.34191570687491,207.34191570687491,0,39,100.22727272727272,2.7117675900441665,6.630340000873863,70.0,30.0,122.80441976525135,15.0,560.0,30.0,95.0,65.0
112f35733b8c760eeb94a9b082f1ff2027f85ae0ea61c0f569ea67e97923974b401a8c7365c9025c4d7bba9f24c0350a683c20ee1c2e8c67f4b0535f0e61e920.wav,381,167.44095569548034,-0.6756134303226203,-0.3166587243818344,199.0193986694112,0.0,96.22445791194026,0.0,379.7015220484556,148.2369119797166,224.3338270433844,76.09691506366778,0,58,124.68390804597702,7.027049174024425,49.141226095031286,70.0,70.0,277.8368924084678,40.0,2185.0,65.0,85.0,20.0
4521e7d898421bdccab217e0f7ebf603533648aa3cd68420a48cf10f184072bbead3563b47ca06724cbfde066e363a985eea4be6bf66b72da98e9f6c0d93ca86.wav,395,133.02773716338572,0.2515818734411884,-0.3931917299367033,175.68630819615075,0.0,116.8937966500276,0.0,523.7854260826206,0.0,209.0131466210148,209.0131466210148,0,60,176.91228070175438,1.387530420472147,0.2962807924375936,70.0,60.0,203.59016181004864,15.0,665.0,60.0,231.25,171.25
53a643e87fc6a1779c81a00a8f649a6442064575116c9f40d3d699706e54d3eb2f3eada406369c1f6ff4d76885ed40ca38e54fe18e88ed287bf378fe520d465d.wav,275,125.9022626668856,0.0572845640044062,-1.6210388099338064,175.1621958765449,0.0,118.36920967923255,0.0,350.8245801988077,0.0,222.21874859949776,222.21874859949776,0,42,110.73308270676692,2.9218809157572547,8.503225692377004,70.0,40.0,121.00344341877324,35.0,605.0,43.75,93.75,50.0
4f7cc98724d035d5e54b5747b06cae07b5856ee732312767955332f19697524e0ce353ee47eec4c29feaddfeabcca04279c1385e96bc6a931257c6dcbfbf8229.wav,479,143.93614488405768,-0.2488854574886482,-1.427534133981963,187.48483185006796,0.0,112.11416879605144,0.0,358.8275449444954,0.0,229.8535181147829,229.8535181147829,0,73,101.01217656012176,3.321322069479398,11.154480080726104,70.0,60.0,122.92331582479254,13.888888888888888,655.0,60.0,90.0,30.0
283e3bfbcdc10005b750c24eaa4cec6ad8711e74315e82a78397260a6ecb56baecdb69422b54e94ca4b0a66d15d81f137f41438791020c7655e575c67d2f4779.wav,265,119.79715448707516,0.2181336015381451,-1.4355797241021786,157.20220456768894,0.0,117.3926388768539,0.0,371.0308162570794,0.0,220.3485386341293,220.3485386341293,0,41,129.2987804878049,2.253266511849258,3.829089057300856,70.0,30.0,170.3891816701404,15.0,680.0,30.0,105.0,75.0
4e492864cecc5afca1a2812a54e36e84c2ab2c695cc37d441061a07e4be822f8da63522e4806fdd48234d0432b2c014d9bbb0dd779e59209aa0c8dedb1d78ff9.wav,381,127.0060128296248,-0.0411392861417431,-1.599217386974546,181.42299310792768,0.0,113.43483587341362,0.0,324.98605204933466,0.0,217.4283183312035,217.4283183312035,0,58,165.57471264367817,6.969504675155577,48.59123857947685,70.0,70.0,486.6793172387569,15.0,3765.0,30.833333333333336,157.5,126.66666666666666
2e1a785ade5045ef4937f46f2b58af9f2971815113834f49e7727dd808bc375f11a721776dfedfee6adf310bfed7825480ab94f5be5fe01ab5765670eee40bf4.wav,227,111.29974075416544,0.1467764247789142,-1.408356069560368,147.87859550658044,0.0,104.55039598360966,0.0,325.0401359252141,0.0,188.66406995602856,188.66406995602856,0,35,160.33673469387756,1.5388378351617582,0.96259342695933,65.0,30.0,190.81158075512795,25.0,675.0,37.5,170.0,132.5
255c4acc9e5f52ebf475962c4231654a5d22eac314ea8af384dab28255ff6d82f25d16abd19e4af20767c8ddcdfcf9bc51379b876a3b3fc46ef359d0341bd782.wav,431,118.83187949528237,0.0313767057531009,-1.6457753965088773,168.98413542522752,0.0,110.3618110657326,0.0,322.0244722248082,0.0,212.93238875062303,212.93238875062303,0,66,124.54545454545456,3.6343203500612726,15.412334732148327,70.0,20.0,181.75017667601617,0.0,1165.0,60.0,97.5,37.5
42d0ec9b82f52803d1e2d1fcfe84fb7cac5e26ab1d4697b51e0c257dfcdd7a835f271811bc8cca8752964d0f1095f0555832c296c53ec5f60c8673f40f033ca8.wav,323,127.0605607722712,0.2238898237685495,-0.9262964594571916,177.92751278032105,0.0,122.29003295828718,0.0,571.2428602300612,0.0,225.19087805014064,225.19087805014064,0,49,119.71088435374148,2.1690509084391616,4.226437800983744,70.0,20.0,141.10387923136116,20.0,600.0,30.0,100.0,70.0
5fb7a77dfb3f7ce7cb26f1b2bb8a262a96dbe1b7f39230575d11e839bce63bbc7b9c1b870c40b5e6af413bef0c389f844093e07ae4e52c519790768eac9917a9.wav,188,96.21321351946132,0.4587989326940073,-1.4205214837803095,0.0,0.0,109.37482408241432,0.0,294.4355399714515,0.0,186.17816334882772,186.17816334882772,0,29,91.20689655172414,1.4434825006484964,0.972916265139812,65.0,15.0,85.38609242741924,15.0,330.0,30.0,90.0,60.0
447b9d9bf7fed73702e13d960726c05b643c41bca1be50b2af5585f0b60e93e38572f57f3fcedec93062d5b814b098cf44ada3de5e2c643a9a1840b6b7e8e158.wav,289,107.87243108805902,0.1962762023582854,-1.740783715263997,0.0,0.0,113.14043171185868,0.0,317.81735386443245,0.0,213.7069947041773,213.7069947041773,0,44,263.32509881422925,4.776271272975976,24.79709816907795,75.0,70.0,539.0416811020655,15.0,3445.0000000000005,60.0,238.75,178.75
4fe933f0257fef687ec1b8e626656a63f4126afbb0596067c0a7779fc4f2682af16bb5a76bfc324f4193c77ba84ea8f66ee75608c9baf9ae9bbe3ec27531b8f5.wav,527,110.93873487097972,0.0821187137528981,-1.7658693723444054,162.91826541500004,0.0,109.08748977221305,0.0,306.2621855465836,0.0,203.4206841215685,203.4206841215685,0,80,119.14732142857142,2.388173269228397,4.441894897464631,65.0,30.0,152.89725873121185,15.0,615.0,33.75,90.0,56.25
52a1c4352bb091c55f12d9d0306ae3163b24c28f047a6ff30d193a14e792e732fdd8be2aa11452aabf9bb6d21b1625ba204ebb72db5429b8bb9a12ac6bf2451c.wav,311,133.29037146288084,-0.1524082593573928,-1.6516849680889998,182.54308040927137,0.0,113.45313556330107,0.0,305.1006617826465,0.0,227.358488760018,227.358488760018,0,48,132.31770833333334,2.6104568997428914,5.772134871964694,70.0,60.0,169.1719242274899,20.0,781.25,60.0,90.0,30.0
4bd2f6a7a9829b7f5610ca6e2f530830ff343ecc855163ca2b14738b98db07dfc75a69565196cd4c3f41915fa201d758dbce636e7d61597fb15ee0dc0b1d088e.wav,393,124.01984714413386,-0.0152862001625217,-1.72070527960591,173.72196715864428,0.0,114.37229304429928,0.0,322.839435296832,0.0,224.60302506583236,224.60302506583236,0,60,118.91666666666669,1.508343946378898,1.8762084137243669,70.0,70.0,98.32807189313856,15.0,465.0,53.75,181.25,127.5
17b747b59f8b0f481339a2c40e26a308641d3c648e6411c1c56e03ad9f0f39f7dd53ce9968e89f526454570de36c78df47b556be4ce8ed0ddb7724fe9dccec99.wav,424,115.79972178750678,0.1261868497795817,-1.6872220283918458,157.24446104552197,0.0,114.67299787795088,0.0,348.23400932474766,0.0,214.67955611585492,214.67955611585492,0,65,181.69230769230768,5.085824313756089,25.152396235055274,70.0,40.0,443.0308870314861,15.0,2750.0,40.0,145.0,105.0
0007b7b91c671de30e627527be61e78b1d8507809fc38d91e927cf85cfa88d87baef62ec97f93dacd30222aff7edeafca32d8c3767f0740da53c6792f6ccd230.wav,400,125.819719797088,0.1012115438887037,-1.2789854065674326,181.1458305519648,0.0,116.57533002574078,0.0,496.05107383995954,0.0,218.14169617977797,218.14169617977797,0,61,136.17486338797812,5.274683641124867,31.491539852816807,70.0,30.0,245.19821064012635,20.0,1790.0,35.0,95.0,60.0
5856c96458311368b6f8c4a170cb2db0b846ac53286a9cf5ca71c77c4e16a50c471c4f8e165c9be83cd97a9d7e01212bac951a1a7796749c08590f7f02b4bac2.wav,469,146.5462910869076,0.0921339684968386,1.2973038344211938,186.2171290722945,0.0,104.40569259943804,0.0,599.475136635706,0.0,204.8939596086097,204.8939596086097,0,71,137.07287201469688,3.462602363507373,12.09981020125226,65.0,65.0,223.85692086444743,27.17391304347826,1205.0,60.0,85.0,25.0
4b2dde32f5dba4250d778856257203b769c4f0c48a9ea73749df68cb3d09f0965ffc1994a57d6a01366921e59af7f30ba558f67330c1611146956faf496cafe0.wav,357,111.94938189095257,0.1140539433414094,-1.7684697786994226,124.25793791764944,0.0,112.0808517638677,0.0,321.70021907433085,0.0,221.3335853563468,221.3335853563468,0,54,146.75925925925927,4.162019588056542,18.016803727736317,67.5,30.0,277.807482979583,15.0,1675.0,30.0,125.0,95.0
608e55382dff7d34a11eab0897b9629d3b2939e797ae8633165487b9e940ac8694d0956b6f69f11b1ba9306dccac0d14220c0ce7de545cb464dd58a92d4c3a6d.wav,256,134.41162620762725,-0.3654521365192003,-1.6013097040924171,184.17868960901976,0.0,104.57765762985716,0.0,282.1421425826485,0.0,224.87625203773436,224.87625203773436,0,39,132.7797202797203,3.934323723999768,17.073310648306695,70.0,30.0,193.47161494988933,15.0,1150.0000000000002,57.5,92.5,35.0
3955826ac3d2b88b06ac6d1fd069270669b96dc4353330bd356343747f36718ddc3788f4b4b93d29b827390a6ecf7980b9e4761f58ff764b8f08bed18aa45965.wav,347,114.78178425471876,0.0660720406821393,-1.783641236014248,153.12246592398955,0.0,112.75289113630924,0.0,320.63092521256254,0.0,222.54053903405384,222.54053903405384,0,53,301.4487870619946,2.796291476863662,8.123834056994575,75.0,70.0,510.1227155315681,15.0,2620.0,60.0,240.0,180.0
20419f907afefcfb9d63d5af9cd5e2af2d04c84458c567a29a687cbc331eeb655c06bceb6dafd92f916c9e759d768145e22dfec23f8d87d151880720a7fb8c61.wav,469,119.9986837740434,0.0278340303133419,-1.66815032455132,170.52441168376828,0.0,111.33747369562448,0.0,334.3709666817632,0.0,212.45871198144488,212.45871198144488,0,71,172.61788120024497,2.800576209210804,7.463419083500774,65.0,30.0,283.2945242614652,10.0,1290.0,40.0,95.0,55.0
374c2dbf4cf76aaf7d5d8cdb631cd41d14ff1718436994c5257268bd862da5bd75141ed13c6103df81532d5513dad6e71521ee8246c2b943827d3a0636ff5b29.wav,467,131.02848956055493,-0.1284260229948989,-1.3264073162570291,186.88839434185368,0.0,110.11431921351796,0.0,482.6895280783443,0.0,214.6272865267316,214.6272865267316,0,71,138.5311871227364,7.057715500617823,52.31541974096118,70.0,30.0,374.9257641826499,15.0,3105.0,42.85714285714286,80.0,37.14285714285714
163c5a0338a50a6e860c35d8329ae17ee9f6ed0eeb794230f23aafe86a40c815ea5c4e508222e27742077d6858d370add9b55abe54b6e4be122ea92e7784867e.wav,546,116.45488809967492,0.0971363755904757,-1.6600001413131886,153.33214005923594,0.0,112.7727180894885,0.0,331.5218396393064,0.0,210.1949610621108,210.1949610621108,0,83,153.9156626506024,6.777994094532051,52.452933275032855,70.0,30.0,279.4907677773162,15.0,2455.0,52.5,192.5,140.0
5bc14a549c017aee82b8f4e78b031ce8de47fe08ccf7892fdf37397223762ff923d5de65243ea5e40de9f5a7da8ca0a878b7924df1ce48260d27edec43fa7694.wav,448,141.21366896686953,-0.1895365261386998,-1.114056906065539,182.6914010574112,0.0,107.49204535278582,0.0,365.699749486862,0.0,204.70521298755256,204.70521298755256,0,68,110.24653979238757,7.679997110018996,58.87187521085888,65.0,40.0,258.85804862946736,36.76470588235294,2195.0,55.0,90.0,35.0
576c8c3c520535a541d8bb7249d472c9fddd8bf42427c511b3385c0ea8aa3f857f6b69434a10289bba601dbbfe0a10be9729446cb1cff5722ea4134793560a57.wav,316,154.88971971961934,-0.4696492792123654,-1.1529223331361995,190.2836929304899,0.0,106.51831619592924,0.0,345.2155104243235,0.0,222.8030108770644,222.8030108770644,0,48,169.34185606060606,3.542739768537028,15.592118041269533,75.0,70.0,209.5494767636349,15.0,1305.0,60.0,256.25,196.25
1f6c11f5a82f7549c1b7bbf789b808ca1511742611a868c7f89d5087511f4c802ba345db159dcd437ae6efa4d50752b9105955f63dfaab312e366e49b981465d.wav,378,136.98118835376349,-0.3342976678299773,-1.4536797731515412,188.43581190840317,0.0,105.5596910012966,0.0,354.45934324848054,0.0,216.4220988647263,216.4220988647263,0,58,134.91379310344828,4.271219934314933,18.038857698490677,70.0,30.0,253.99479253980087,0.0,1470.0,52.5,83.75,31.25
39b7ea51d23d03b3d3b2ab021087998a53b6fbaa279d239310d90594380316c648c3f9c729c2997476304b3a7cb6c76c4c9de9b161baa898cfa1ba7b74250b3d.wav,333,131.4371088287839,-0.0154507671577715,-1.452811572789286,170.81013241576466,0.0,114.68865024181844,0.0,388.54417043852897,0.0,218.87294011858015,218.87294011858015,0,51,155.3921568627451,1.6956536696524338,1.6182432343280455,75.0,70.0,161.61210865518524,35.0,590.0,60.0,215.0,155.0
147208124803587818d2a4f99aeb490f9f3fc76cf87452fb0d091a9bb7afe472ce44b61d0247f19b2ce6c5623fc660c8d0af3f8e697c06cca1886aecfa3f5363.wav,426,124.39574926718096,-0.1392222265365006,-1.6763862506147138,166.3379499310241,0.0,106.93945136088288,0.0,309.93543525784145,0.0,215.51214460881508,215.51214460881508,0,65,128.91608391608392,2.6203193252123613,6.481974582801984,70.0,60.0,162.10098828342987,15.0,829.5454545454546,60.0,95.0,35.0
0b51b3e0a3b2102509cb60cd69af97217066084e3439353a320f4386f93cacff6a1c59671ad7de158db4ab5c1b575a57af9e54216917556c088d16513a082d82.wav,479,140.40937253207153,-0.2180464397177978,-1.517702948300739,196.0762481187029,0.0,114.54668568208469,0.0,403.3740952866471,0.0,230.9771272240215,230.9771272240215,0,73,227.4429223744292,4.359794000777165,18.34344169483376,70.0,30.0,557.5861273024152,15.0,3260.0000000000005,60.0,95.0,35.0
404fde0ff1eb65839b02c5549ed0d7fc425a093087334eafd562ce3f9b853ecb2b8265488f11ec67527743ed0796ebcc251b62bb73550d3d0165367c08c9b5d2.wav,534,111.82412997596516,0.3070323764437347,-1.3171332452021385,73.45622796003097,0.0,116.80625119185812,0.0,457.114822241705,0.0,208.88922137427764,208.88922137427764,0,81,141.9560185185185,6.432027267340422,46.93679390545012,65.0,30.0,321.9213520569129,15.0,2705.0,30.0,90.0,60.0
3aba88d1364b62ce339e240f228efdf4371a019d454ee123beb8c18122a3ba2e2eb9db2a4cdf2264c8afadd07ac137a68366deb46f91dc2935c5dd7f8141de03.wav,551,133.63006957198837,-0.1756196589028087,-1.5233516115008987,186.17094337703,0.0,110.73728938198838,0.0,363.93211970537897,0.0,215.45127586463173,215.45127586463173,0,84,176.57738095238096,5.80722296221292,34.23194627670056,70.0,70.0,442.2469985230702,15.0,3250.0,64.375,108.75,44.375
0dca4e204d656a5d13f928414d275b84440f5db94e964eacd640f3b772ab366e3079cec0af58d843f09ed7c3c789bc7a318cb841f2a480cdeae5bf53f9e34e70.wav,429,134.47979293075528,-0.243466536430401,-1.6643254976135748,189.56010258560397,0.0,111.47881923075973,0.0,322.9947242261505,0.0,224.8822156421361,224.8822156421361,0,65,112.96153846153848,2.5998412928973496,5.644752212421357,70.0,30.0,142.44087323118987,25.0,635.0,37.50000000000001,85.0,47.49999999999999
2f5ef0ad2b2df8bdf024719f11b2e56c96967626437960ef8a07638951140b5fec2bdb128b3afea63f14c2133ce2b590e9c4051e91d61bb5c0e1d236f7dd9196.wav,438,105.6697194769738,0.3963491752960806,-1.109268859257271,78.16330429674227,0.0,111.48459438817588,0.0,391.7185921014126,0.0,198.79928245958197,198.79928245958197,0,67,130.3980099502487,6.279819018157726,43.18471746097021,65.0,60.0,279.098152215018,15.0,2210.0,30.0,110.0,80.0
5e5f9319d4ac705160cdfdb5ba9d5616ee62d5e39d74b9e29069cf1583a2599dbae35bbaf36e1af0cc45bb25d40b020883de2ff4b7cb7a156551b9b70af52843.wav,419,114.6345778359502,0.6568100954842638,0.0767557309505782,0.0,0.0,124.83021194291216,0.0,596.7531437141045,0.0,210.59150466079316,210.59150466079316,0,64,127.68229166666666,2.309822261228314,4.71299862363996,70.0,40.0,145.4443076605591,35.0,645.0,40.0,133.75,93.75
1a45f870f1343a010d8cdc4d618696a7744a7cb2aa7561e657b70a8fc9a1a6c157aedd7c635dd8335a3ba694e89bc3728d194ec6d4fa03ed6929ceee493276b1.wav,287,131.26996920890775,-0.1596729786968544,-1.4809024835096425,180.59985921357568,0.0,108.1083659938585,0.0,344.08236394440326,0.0,214.86861444947917,214.86861444947917,0,44,126.4042207792208,2.0447257873854103,4.236623273732818,70.0,60.0,123.381272073648,26.785714285714285,560.0,60.0,221.25,161.25
350d761cbd673731d0ca9de69820b68c26db636182d0180310f1a149cb4139e97e14109373b6473a270849cc925e22ede7dd6d7bf769e7b99b2011a8cc629a4f.wav,433,149.92352061388965,-0.5938887952573084,-1.1951307345310398,194.2430167279333,0.0,101.08399033848292,0.0,332.4811604195654,0.0,218.57217207151345,218.57217207151345,0,66,123.98018648018648,2.422587847360114,6.049529392288845,70.0,70.0,122.2058425021255,35.0,615.0,60.0,157.5,97.5
3f5b2741662dfec1f392b1c8431014ff4d8d6a05130588ff4daa852929aa906b8d910d3984c8e9886c0b772127cf870e75f872a45cc653de5deff54b922d1b60.wav,309,138.28006498725915,0.4736190073698669,-0.5066452560183476,171.18002908510854,0.0,137.83006650005234,0.0,586.8629753281438,0.0,236.5766698452804,236.5766698452804,0,47,123.27127659574468,2.551007054196296,5.245637840061866,70.0,40.0,159.3344604659875,35.0,690.0000000000001,40.0,97.5,57.5
5918c07194d8cef1876291bbfae2e39da6c5c0ee44ddcd6ec98aaac96361e464366b093611fc5113766f2d7f61bdc6395a3d9945ffaf4accaed7aeeda8da9774.wav,301,128.21938710654123,0.068121808980648,-1.5412079824041895,163.7671951850642,0.0,118.84710881978847,0.0,373.3218511875345,0.0,230.57510044689076,230.57510044689076,0,46,145.38647342995168,1.7605455629792095,1.9592297815246908,70.0,15.0,174.22244518855032,15.0,660.0,32.5,220.0,187.5
30dde6cd010d22e108070d395cfd28e8ea794eade9108c3bd3cc5d070e1b413d649c375cc032cb48cddaf642f781f513c33d4e19b9965b864f934ce62ae550d2.wav,359,145.3694854995076,0.1914206229597199,-0.1419095063460367,186.0295792104327,0.0,120.23551737089898,0.0,567.0776106764065,0.0,231.3855635386659,231.3855635386659,0,55,160.39393939393938,1.6437208731596649,1.1386260255885627,70.0,60.0,183.0819112471118,30.0,630.0,60.0,182.5,122.5
13479fbfd2d8263be07ac6f5d9f0d10d3bf7a081c9cfb9662626bffeb7577efea41f34b72b46d25e7ecb4d9541f2ac05c253f594569eb99430b2925c384fc2d1.wav,268,118.7336138265151,0.3333397986385294,-1.286245221430366,141.0273067439772,0.0,121.17918634551737,0.0,393.3398583326353,0.0,215.90606795417952,215.90606795417952,0,41,113.88809182209468,5.110414675348991,27.2070262185203,60.0,40.0,199.18276054853408,29.41176470588235,1295.0,40.0,85.0,45.0
2cfaf68266d4e42409b7e98abcd0b272e7cf05d966e86150df84b1cab6ada0140d532ae40d064b106d1607e1f60032a032e1d4d26a247cce204a5cf5a2abe86c.wav,383,132.00808682500158,-0.2111016983547007,-1.545959002173023,182.7578436957152,0.0,106.9542923872756,0.0,342.0851109781421,0.0,218.3361390941104,218.3361390941104,0,58,191.7456896551724,3.643126632332549,13.30715803997741,70.0,60.0,344.98937543416525,30.0,1915.0,60.0,183.75,123.75
517af2c06e65dbf474e8a2688eda585153f71072ccb90ea02617e988addf1c4ba978cb8bb76a2abde902e8a7a90f195562286c7bd96b6892bda7b2019b4d4897.wav,309,115.04168428117114,0.3741839080708615,-1.4609304472756297,0.0,0.0,127.04874365734692,0.0,370.0160771450082,0.0,229.7164991726356,229.7164991726356,0,47,124.22872340425532,2.0649401685493096,3.5087606610713875,70.0,30.0,143.34518698726112,20.0,605.0,30.0,120.0,90.0
47cf462e9e8f1361d81cf666b0a25047b19386db655b88c29b059e0485d75446f8ec907c657ba7043fccc987e67a70609638f799f2093b4537a69ffddb663db3.wav,366,131.24765277156592,-0.2806556397905391,-1.5886772072101427,185.2475814375747,0.0,104.9979964958164,0.0,326.3354352129472,0.0,212.47881219435183,212.47881219435183,0,56,111.65584415584416,2.6937997101101425,6.946183869516371,70.0,30.0,128.66852394351673,20.0,610.0,50.0,90.0,40.0
2d0c48adc0e18e211a82b4d80de86ed547c54d67918c5f5275f3462d74614567ec6d76475f1d7048b4340d6e3a3dd75dc563f21ccfac95ff975e8f7b5c5211c5.wav,253,100.22181598509027,0.2496757905501387,-1.7296558119523884,0.0,0.0,106.43262423347277,0.0,289.41176487547693,0.0,207.7437439587421,207.7437439587421,0,39,85.86785009861933,1.7839899486780593,2.163738081388672,65.0,30.0,80.7852298397069,28.846153846153847,335.0,30.0,82.5,52.5
552091232f66dfaf87bdea93d1daf12ada61824a29beb1179b4d44df66f2a41cc6c3955c5bdb80a31429b82980fe65d4ad4db87b0f8bcb4eb0d6fb8b10962e93.wav,368,141.27931216430355,-0.0231873725696855,-0.7721402704172822,183.4885787640605,0.0,113.98664302258912,0.0,544.4921881997489,0.0,218.0870467533378,218.0870467533378,0,56,278.41517857142856,4.032588433843039,15.390168343433952,72.5,70.0,690.1796597056427,30.0,3850.0,63.75,201.25,137.5
46ca69e2ffe8b57cf4333896c7b758f6417043b49d42e102f312bde97edbe3e415758b65571986175a0d70ea306c6d345cc2a2422609d1ae7215c7036297f2a4.wav,263,119.2239181210226,-0.0425992233658163,-1.7181067405159307,174.84641587424187,0.0,109.31385192862042,0.0,327.665361997047,0.0,215.94052478879317,215.94052478879317,0,40,114.640625,2.1221069345203984,3.517689640919841,67.5,30.0,134.0424582557123,15.625,530.0,30.0,85.0,55.0
4b55fbadad30d2afe19ba1125391d77d6d99e76cf35e1fa4806ab61e314f6b761a7fbbfa0b24c0178b20b5dd27fffb4c9cd3476a9b7bc859e5db05694b038865.wav,467,134.235242949583,-0.1813908243376694,-1.4742358252629455,184.24471591913613,0.0,109.92713783947188,0.0,359.5090171281629,0.0,213.2805654971205,213.2805654971205,0,71,108.03822937625752,1.235455120201588,0.1749246076199613,70.0,70.0,84.09167706168743,30.0,330.0,50.0,137.5,87.5
36b524a34d347dcaad4c54c0348f984914b203b1e4d8ae3be677632cd4bf77aa23fa9b6485badd24c0e70c3caf3c4a55b8c17b4d7d4229a7c18d6f1bdd0cf7f1.wav,402,112.99249369228814,0.1395662120049244,-1.7047637274229557,143.89568114220276,0.0,113.35440984430826,0.0,332.8660730896024,0.0,214.50120839842216,214.50120839842216,0,61,91.07728337236532,3.116079157937832,12.030639438407158,65.0,40.0,85.25527202276194,35.0,550.0,40.0,90.0,50.0
1ff83002cb137bab8a04b0a885162abc5ac60da6ba9b97af5c16d41e621b12fa578d4eeafdf6404b672fbf16941d0fe63bc12c0c60d57c7ff993f8c0ee3c34b1.wav,340,90.87655439009986,0.4318704289373206,-1.5977785708182215,0.0,0.0,106.30025504978757,0.0,280.04007459035813,0.0,196.98315663790876,196.98315663790876,0,52,91.18589743589745,1.5401568363957574,1.0129287243774607,60.0,40.0,75.23846458597117,15.0,315.0,40.0,90.0,50.0
430d33d738bfcedcd25152c695aea3d91c225f2967bd31d5211cac76de8e90a1bc064e5d51f46ba7592777116468584da454d3302eef5fc65c5e97f2f272cb95.wav,467,142.3604219195146,0.1622961450276681,-0.383130478777216,181.23181488606247,0.0,116.48632066909,0.0,575.938622410949,0.0,222.93981772362028,222.93981772362028,0,71,120.64386317907446,2.579164074251392,6.191615086544017,80.0,60.0,126.83163109532394,15.0,585.0,60.0,112.5,52.5
1bdc8dc121e8a846cd3aa175635e0f0b7a3307544a826117b969882a535cd7ed47f2db415df56f56e3fc7fe53162b730ff3f8e1050997db342a8071f484af0a9.wav,244,116.43936370442408,0.1094376212028266,-1.5471675855515314,154.89535768122025,0.0,111.23649719912235,0.0,347.7267062006889,0.0,209.9785169481493,209.9785169481493,0,38,152.89473684210526,3.9520864476267383,16.879378086968032,67.5,30.0,281.31418935097093,0.0,1620.0,31.25,85.0,53.75
5d5f4793c683be72e31ac86e89ce19ab08b45d68052b12ff84c11495ff01b2bc19a26bf7356a9ba1e3bb2759aed0a02f3da7071092ed5c7a677e1ae5728b89f0.wav,486,133.85037666408866,-0.1357718030265894,-1.3086841235782716,175.98992922274817,0.0,108.32268005981796,0.0,365.296337954306,0.0,212.9134130571453,212.9134130571453,0,74,250.3562653562653,4.207403411733112,17.04381934638123,70.0,30.0,582.4524446612635,11.363636363636363,3275.0,60.0,228.75,168.75
44f217e6dac6230a6f72562292d12af53a227ad733c4e758a728f9bea812bb34c5714a25a4c39c07c550b7c1477654e81cbc927eb656ce6ab3a560392669700f.wav,517,135.32449387650612,0.0325769481105141,-0.2109402707347394,187.79465459418563,0.0,110.26210427398506,0.0,591.2343330432526,0.0,217.93429961596516,217.93429961596516,0,79,114.24050632911391,2.46706974978192,5.875661471541804,70.0,70.0,124.79372501161778,0.0,605.0,60.0,82.5,22.5
41ed8a63387bac45edaa1268601686a86a4daaff949d9dda4379b5ff0a93200786609629139dce2f196724507c5d9def82497e0bb93cf280941d81856871c4b5.wav,359,157.6706742492757,-0.6646265432983006,-0.8905059834190401,187.80582438990209,0.0,99.3018206099468,0.0,332.4564718058049,0.0,217.25059719716643,217.25059719716643,0,55,133.86868686868686,6.995221495209376,47.92791304462915,75.0,60.0,346.24832248899963,30.0,2652.777777777778,60.0,95.0,35.0
0fa760c4dedf5452d9bc9016d17a072d06b39f8b14246cf6579fa2d7fa6ec126a5da2d2d7c0e9dbc8e8a00e147f3f089db09d5106fc0b345d4d1304d84c1b358.wav,472,124.96447672056306,0.1920700605658203,-1.0969888829451262,178.87506030372458,0.0,115.52019996892167,0.0,411.04725878206045,0.0,207.32133661311573,207.32133661311573,0,72,153.71031746031747,3.3657654826726238,13.570335382019485,70.0,65.0,200.79513986366737,35.0,1295.0,60.0,162.5,102.5
4251acc527117ef6dec21c403b6aa62fda74a965ebaed066654f61253c610647df958dacc717dbbc88918129b58719f6e6e5bafdd9eccfaf271fbc48b204a68d.wav,448,135.88124879437456,-0.2891788266509452,-1.5293698952692634,184.66048845025108,0.0,107.79789571011824,0.0,331.6753648344254,0.0,212.07222722171508,212.07222722171508,0,68,108.32612456747404,2.327803222312998,6.035798455254367,70.0,70.0,95.90269353196864,20.0,560.0,60.0,85.0,25.0
0f9e8877245f20a308710cd6c1755f877d8213e653f2240ee9b7307e2948cdbb67c5abe181e63eaf795e650cd7848df9bfc3fd223f3644e9f040a0798ce9cedc.wav,364,112.11549088790709,0.1988268514988231,-1.5214560147868454,155.43554605495353,0.0,111.04163611405228,0.0,343.4543757852341,0.0,206.9600539224916,206.9600539224916,0,56,125.53571428571428,2.084873532665328,3.724762087986304,67.5,40.0,136.3709442615087,0.0,580.0,40.0,201.25,161.25
444a33049b476f51f3cee1db7155a553023ebbfb0ba466390c174cfda5ef427f700220678a667dbce6c6c50ef940f56efeb626e29b6dcb0eede7f3375e905af8.wav,383,126.38984106902376,0.1734601527619335,-1.3197653298478134,172.927019294695,0.0,118.18760566000444,0.0,383.000043656389,0.0,213.4140623956127,213.4140623956127,0,58,172.0905172413793,6.21491643370005,40.87111656644201,80.0,70.0,345.5504875353808,15.0,2625.0,60.0,200.0,140.0
2c6e32bf32f9018fd4d3272bca08ba38490a2f66793f68fcf5e41f8c666289c5236d4974bc6ab1875697a1a54e7f53d138200bda902fc9631c5abba4d7e8d352.wav,450,121.40434608325754,0.0089191600541354,-1.5944496619286237,176.22700009451103,0.0,111.2036293516601,0.0,336.83357813564186,0.0,208.6837660890284,208.6837660890284,0,69,108.76811594202898,2.6582681346018533,7.035821133038372,65.0,40.0,123.66506248354472,0.0,620.0,40.0,90.0,50.0
5251b2397d986e18e59cb57d71b0479f4a213bd379e159f28263ddc322458f9f1596d916dfb99aab4d81c9d1b4a2b2095769edbed7b3ef284836d02e87af6046.wav,433,108.19919610520049,0.4433868149091125,-0.5334410260218783,0.0,0.0,114.44112987736162,0.0,599.8433212216843,0.0,206.4663632155772,206.4663632155772,0,66,112.24941724941723,2.5792636729654346,6.369196674636045,65.0,35.0,131.02358101050035,35.0,610.0,40.0,88.75,48.75
5efb6dea822d83edb86c6d236e1bf898afe31b591772c3f7c484b1d0954ad5d61ab407e244b35d7605d0aa9665e2e055923e1d4795d11c181555e0cec170c68d.wav,270,86.74982869850396,0.8974443241673591,-0.3259818702973498,0.0,0.0,111.45114347466767,0.0,366.680977659616,0.0,174.61639108782958,174.61639108782958,0,42,248.57142857142856,4.965902801020413,26.00290545641936,65.0,30.0,578.2406461828493,0.0,3660.0,30.0,252.5,222.5
5954ddc25d8b7459413961937fa339bc0c58fdfc98ccd108327533c4b0c62b7c3e823e5c57988c3a8262a583a9739a2f1517603cd741296d0a6cb610d2c39059.wav,373,127.11187865901356,0.0941349724666588,-1.540895370471656,178.15553034062353,0.0,119.74076096100498,0.0,359.18645633412945,0.0,216.45810460416268,216.45810460416268,0,57,203.40755735492576,4.566780893736688,20.140692575918912,70.0,30.0,491.351009552617,30.0,2710.0,40.0,120.0,80.0
4cbd7afd4b3ff4dd4fe016893783f501fb5bce3148f0ec6dae94c44c7fb4cb5a12b0258347c15a3a3decee459946b71bcd0e220705bdb35001e650d92280c6b1.wav,275,111.64598008935876,0.2943148125175138,-1.6567944047471257,0.0,0.0,120.2878672107378,0.0,340.2040850440046,0.0,236.8621482671715,236.8621482671715,0,42,159.03508771929825,5.7679369064351205,33.037509116253176,70.0,40.0,374.5342341927277,30.0,2495.0,40.0,162.5,122.5
06b9310c8644d1e8053f14e55d07eb82ebb8100c78f1e4e97a9cd6cdbd76f3f6950530defdaa9b3323143c2358346ab94d509c2744a3a0be64c6c68d3f780584.wav,345,137.4707099529695,-0.4178296603977374,-1.4022352786418193,179.0035432663058,0.0,102.37970555794575,0.0,332.7697954435021,0.0,212.12806329106613,212.12806329106613,0,53,141.1320754716981,2.013890493552194,3.504463352120972,70.0,40.0,149.17269183745407,30.0,675.0,55.0,215.0,160.0
5a985a9d518c2e66c1b17699b8708952ae8e9a60a2288e1ad30833d0ac6a83c8d3d60c0e3fdb818e2052571800da50f00212220b622cd8d694d39dabbbcf2f0a.wav,409,120.6079007959799,0.0827353419359956,-1.3500740008364958,159.21198948833938,0.0,109.42370999046966,0.0,383.3651744075157,0.0,205.44962362132028,205.44962362132028,0,62,138.7307152875175,6.572247358525409,44.973453770444266,70.0,30.0,334.9332077656217,16.304347826086957,2610.0,55.0,93.75,38.75
50ffa9e832f809cd2ec5c56eb325aa117c48b9734f4632ecd7d0f6348bd6b6b3fbb8c8d718c99981bc1e05619d44ed0efb11253effd28468264ef3e625dd0ef9.wav,323,114.01933995835849,0.4043930050434596,-0.2248980128507729,154.89690426046732,0.0,113.557317386126,0.0,584.3078052743692,0.0,207.0120737362468,207.0120737362468,0,49,121.25,4.078950270106495,18.83116725704318,65.0,30.0,185.53562835141693,15.0,1170.0,40.0,85.0,45.0
51e8fd5799c0e073ea795f829c12bdfe3765c8cc71b8251cbe98a188378dfb2c3c72a65c023f81f5436902c797933f96b4a066aae1f9fddd393551690c5fdfd3.wav,263,102.25705676344008,0.4945179449904412,-1.2645333255762687,0.0,0.0,118.22862800969796,0.0,367.6213271453792,0.0,214.3137561791258,214.3137561791258,0,40,96.28125,4.127505446680863,17.952621237217972,62.5,15.0,164.45921975048253,15.0,970.0,27.5,76.25,48.75
33b401e38c82c974770d7d29119d48ef1f58da93a2a6f39052f13c404b43c399b197e7c68762c5f37a9d6a65f092a8da7d2344d43411f0e7104e657219e14940.wav,330,145.88754896906516,-0.5312027782335531,-1.3665327660015312,193.0006973209788,0.0,102.60307654903264,0.0,310.55423700650385,0.0,222.29540218174847,222.29540218174847,0,51,203.8235294117647,6.241664873264505,39.54864914588428,75.0,70.0,537.9514412768656,20.0,3875.0,65.0,92.5,27.5
47847f9a3bec30579fc6fad4ee64361795621fb2fd7fdb5ad0d6c21fef4a87520c03e735709e6888da41013a592fd7d8dc05b679e407d830068f4f9292a52614.wav,371,141.1642024755822,-0.2761907708204436,-0.9666393030736532,183.91933503239704,0.0,102.28561133050825,0.0,378.0087265281804,0.0,207.1251728997973,207.1251728997973,0,57,194.03508771929825,4.483855236920326,24.2358584761812,70.0,60.0,321.3641954811908,0.0,2205.0,60.0,230.0,170.0
2b414f75682482f771f352dcf087b02de09c77092f5f9ef09a1ba3ea41421fe445f59f3024d6e6e67cb85999056fd8fc6ea89e0f201b0fb074d4638a42f3cc2b.wav,476,116.08812401238058,0.1332446168389353,-1.5843862574267662,160.90971536267867,0.0,113.5413094333812,0.0,346.393315950287,0.0,215.36051983581152,215.36051983581152,0,72,94.79166666666669,2.781274493265423,9.444948776724484,65.0,40.0,93.15994869935614,15.0,585.0,40.0,81.25,41.25
2dc0b746e5ff4dc387cbcc704e198f9f109c5aa471c4717c838d1f11cbeb16f0bda8034a5a40f0c752cc4f20faeacd7ade6923a8b5ca4e160d028f32fe58d95d.wav,419,135.132381740198,0.1533299263049235,-0.252174417224233,181.89743066594056,0.0,111.7916149888606,0.0,558.1205509565468,0.0,207.8052358974569,207.8052358974569,0,64,142.35243055555554,3.793422239155558,17.0725928242973,70.0,60.0,191.5371629264176,20.0,1250.0,60.0,212.5,152.5
39368317432e0b6bc7ab44d3f4a6e7a00a08141fe2143924ab70a5e6bc0bfd0aa338b9cb19cf775c52efe435f52ed949ad5ae6b714fda9232dd81e4c9f3f07c1.wav,474,110.31444360784532,0.2827586054324345,-1.6942983724076686,0.0,0.0,120.2429016169312,0.0,330.5074604545491,0.0,218.85608653658096,218.85608653658096,0,72,140.44270833333334,3.820099442228062,17.497773863031814,70.0,40.0,196.3197206053628,30.0,1300.0,40.0,178.75000000000003,138.75000000000003
12602083c7651b92f3406087c01a3cb7291d90b01c23dda25e488e91e0260a477a7a3d180725f2a6ef054e58b9ed5d07e8b541eddd0511ed8bcd25a1142b852f.wav,385,148.3806170326771,-0.000948531619205,-0.6696463100027534,183.55834296216037,0.0,119.31947936816452,0.0,595.0399343368395,0.0,241.6490165317518,241.6490165317518,0,59,101.11228813559322,5.020848200758685,27.03900597777711,75.0,90.0,139.9664697568854,15.625,995.0,60.0,90.0,30.0
116801bd5e4954a74ce43fd5ab63e9bb82bae55ed278dbdaa33474a0b476938126fcc8e9bdb8df7dd5793a9bfed1508085d1e9e62967608d7b1d16d4254681f4.wav,402,141.61192108330084,-0.26923217739692,-1.5392909649578832,190.16367988232523,0.0,112.52379188242578,0.0,342.30253225703655,0.0,234.2288491454976,234.2288491454976,0,61,90.74941451990632,1.564786270168872,1.065582762749905,70.0,80.0,64.23735186164818,30.0,255.0,60.0,90.0,30.0
59ee21a4d3cc2406886e7aa0a088dbdece0d7763aae6f79c7a4d712971d3a3ff94bb667bde8ea80d2cc2921716b44353297766377d6e0b574011c632c34f22f4.wav,479,117.84406189033604,0.5952917001185076,-0.2765745572591207,96.87040115167916,0.0,127.28919489538104,0.0,592.268866783355,0.0,220.1797445756114,220.1797445756114,0,73,128.85844748858446,2.087352183122537,4.469090502846504,70.0,40.0,129.9015775159059,15.0,615.0,40.0,205.00000000000003,165.00000000000003
0ba80b4a3843808a05fc2df2b7c663ac181ec8fb1d1920cb4d2c2a996d75e4a03fc3ef964fdc0a51836f0a2f055b4c9a8b84468967030253e6179522a6deaee2.wav,400,123.68317861344092,0.0623408207715063,-1.5158737754664355,173.0733273800695,0.0,114.93810395990045,0.0,369.817964936622,0.0,217.20710659327744,217.20710659327744,0,61,217.49316939890716,5.190611609448092,28.309745889642397,80.0,30.0,507.3971295363444,25.0,3495.0,60.0,195.0,135.0
2e19a126a2a26e9e2728e8ff608374d26ee43acb1f6bb1c92b7ecb441186f65bc640a86f10e746864626532565205dab29321b607dfb1a6cc3f6169a6a61cad6.wav,277,112.26872627728524,-0.0506608495458686,-1.837399956968412,176.76357494340002,0.0,105.28971759721588,0.0,275.5829598889047,0.0,206.1981071184404,206.1981071184404,0,43,182.90697674418604,5.962405586149768,34.880608968238306,65.0,30.0,571.7641331045639,15.0,3815.0,30.0,82.5,52.5
3e2023914119808d6b5a40d30a853fc2b65f759ff2bf98630312e5c0386ee94c30db175ff0eae72e1e1bd7ab74a8c3e8bff80bac22c8bbed9da4c7de63a46b22.wav,448,119.19799355674198,0.0443087221144086,-1.452875447199314,149.39933774529314,0.0,106.4964177176364,0.0,339.5799147657104,0.0,207.4940080060141,207.4940080060141,0,68,123.3347750865052,2.4607471919406785,5.452803881870008,70.0,60.0,138.12674831979376,35.0,625.0,60.0,100.0,40.0
021db35ebe2b0d6391fa5363b1d0f2c5264f9a59b31e8b57f903e7544985a02f15506568c9ef39d2d2fffdb387cf9ff79ed015d0643946512b935ea9001b40c4.wav,287,149.96951216808614,-0.3288064014286951,-1.0779228006660433,195.47601349976685,0.0,108.89111111062752,0.0,372.8675296970548,0.0,221.2160859552054,221.2160859552054,0,44,114.95129870129873,0.6011627581023539,-1.0075857564976487,75.0,15.0,88.10010194168488,15.0,305.0,58.75,205.0,146.25
110697f099619761df205ae606677a80956d1129cb35053b0028cca7b742a3bd6e469797d801f1d9f85098d2ffcd8f7bd62340fbc2bfc6639afe84ff83a568bc.wav,340,123.3840816776971,-0.0094046187225352,-1.7630629265939706,188.97845521067217,0.0,116.08095646440538,0.0,335.01418392475824,0.0,224.7032801711012,224.7032801711012,0,52,150.96153846153845,3.671396136586415,15.897162849833308,77.5,30.0,214.4694672135498,0.0,1335.0,61.25,195.0,133.75
4db6752fb68a49778b8f27eb5babe896ff1a5d72d3671028d6404237a4d53e9d6e27a9cc16743dd4ab8636e3997632a4577ffce6befa6601c5f9802bc08b56b9.wav,354,111.68453120878024,0.4357269551007712,-1.5321603901565672,0.0,0.0,129.4734379359128,0.0,396.90018244168766,0.0,238.2337362036604,238.2337362036604,0,54,158.44907407407408,4.048099172160618,17.477629968586967,80.0,40.0,274.9754760934988,0.0,1675.0,40.0,128.75,88.75
64bb747d704852d5866b65e6803c2b3e85d219e6d3caf34a3cfc099d889e4ec824ae9319ebe943a7513247fa71f88d5d8cf135a3865a49879981094e2b83bcbf.wav,702,59.89242631514881,1.532432737511623,1.858658035922777,0.0,0.0,101.56609593371846,0.0,561.0378387506933,0.0,110.9982978523151,110.9982978523151,0,106,699.6428571428571,2.642344922402619,5.533563150066994,95.0,95.0,1436.8989836982626,0.0,5245.0,70.0,651.25,581.25
445de78e69ff12a746be023749bf85b5f0c390514351e9b02c2f667474c083a0ce4d4a44b017b0fece4207762d619aebdf00f512763b10f9ffd74320a3424543.wav,525,72.99863130133535,1.683366671757981,3.291849272445509,0.0,0.0,114.23842690522044,0.0,560.9779459809602,0.0,171.42498540734013,171.42498540734013,0,80,1121.5,1.6596992764410148,1.1758911876174825,155.0,5245.0,1767.340410051216,0.0,5275.0,130.0,1767.5000000000002,1637.5000000000002
1400d53ab13a7ae73c12ab8875a04d6ea2adf8991508dec8864c5402dee352fff44a8480ce730312e6a5316a43aeb8a691eaae35b666776effa3bc1fdf9b9a1d.wav,272,65.16201104954544,1.2725414766091327,0.4436821492678984,0.0,0.0,96.37970654615222,0.0,346.0363173538409,0.0,102.86683135167104,102.86683135167104,0,42,337.5,4.284871744402077,17.768534176417973,70.0,60.0,953.1628115060382,0.0,5315.0,60.0,111.25,51.25
387115d03cb55cbea70776e32553853bc754149f4ca047c96cc0d2c5939c400e8ed3f70e7263434728ec53cc41dff69a3f88764e360e22c26f525dbfc4b89ccf.wav,433,122.21316962472072,0.2234489218382118,-1.7805028862006076,0.0,0.0,131.01247261669337,0.0,343.21178478384263,0.0,248.7389520302517,248.7389520302517,0,66,279.3939393939394,4.286868224274503,17.579483146044154,105.0,35.0,643.1554051042284,25.0,3735.0,75.0,197.5,122.5
424064312c746b55ccc5ed616b64e1cf1be233008c29c871065340532ca21cf045c825ff9e00f0c2ef1da0b5b1011820f5f5a8ab954cdc6e60b554fc6361ad9f.wav,769,127.11990457736454,0.2155289176625788,-1.6251505393963446,0.0,0.0,132.04242054713757,0.0,483.9621479724386,0.0,245.41031727820828,245.41031727820828,0,116,248.20839580209895,5.315715888137372,28.08628570554813,150.0,150.0,496.7723200233424,45.0,3350.0,100.0,190.0,90.0
57c64b0728fd0fa00d03e33e0b6b43ab032e7883282cb83b4362975da1997d55ba146be30eee3380327d76baa0211cb9868a6033de7360d6bc966092724d0bed.wav,476,127.83023523644326,0.1851572532986821,-1.7605705367038704,0.0,0.0,133.5737143641557,0.0,378.7684248546706,0.0,245.99687863503243,245.99687863503243,0,72,259.5833333333333,4.207616184610602,17.385159419536137,87.5,35.0,604.9327040166443,30.0,3605.0,35.0,185.0,150.0
439861068580fe84e80bf6f5b438d04f58915b87fc499b63371ef4ffb152b9df51d53c73f3ac2e721f39c88af3bff5b201d92b6b1fdfb42232b2ca6c308dbf49.wav,318,69.45679852728097,0.6105258289851899,-1.1303186389996558,0.0,0.0,80.86546933533698,0.0,258.1356858215526,0.0,160.96863696316558,160.96863696316558,0,49,197.3639455782313,4.342086917701766,17.49963934711093,75.0,75.0,480.3391702231305,40.0,2475.0,60.0,110.0,50.0
3fd0467caf6441a778f0c39317c6ef5550b75f9082dbbad036a4269ddf7d948d6c484e06222d4ce741ab7af39f4a9f98846e1abf4efa1b4d497d17454c159b1b.wav,383,80.28040288255046,0.5373001321405968,-1.379261461334233,0.0,0.0,93.89573860482356,0.0,328.1047688731444,0.0,180.3646311268872,180.3646311268872,0,58,191.21048850574715,5.809492172482895,34.814749553083175,92.5,80.0,438.9533015972685,0.0,3170.0,75.0,145.0,70.0
4965fe97acfbcf126b778230607aca3328a294aa47959b57601723c3f75c96ea7ddc8255b6fe08ba240e029b05d86c440570c095963884fab173bf102ccc8a52.wav,311,81.02065795203303,0.484109122538344,-1.6583568990960664,0.0,0.0,98.48153053031729,0.0,245.3387983978488,0.0,197.29259392566308,197.29259392566308,0,48,206.45833333333331,6.637576321300831,42.37977791776466,75.0,75.0,747.7793223475462,0.0,5315.0,68.75,125.0,56.25
446223bfee2b04f166ec09e0432f910898bd276afc4501c41509436d7766dd0767c404b6224b44793737f05aa003eee7b4a70925dc17f2db6c2d52ff8bbea743.wav,357,70.33425513676816,1.110026228786225,0.4005743474256844,0.0,0.0,102.62101307773388,0.0,480.6808647074998,0.0,187.0472730490185,187.0472730490185,0,54,306.2037037037037,3.7222915211433434,12.424972412373013,142.5,80.0,638.4456930305392,45.0,3160.0,80.0,197.5,117.5
17204442acbfc0c87330b6c1e412322becf4fadad737d0f12db927c44ad5d826e6f537e24c16f48151814aaca63f7cf81c2e5e4ac6248d43ea569b1a72eead6c.wav,481,95.77163456894196,0.3559977787344316,-1.6244197264708298,0.0,0.0,106.57037696568852,0.0,298.9875596203422,0.0,193.09203711474711,193.09203711474711,0,73,233.86986301369865,5.56222999115543,33.829253462126346,80.0,75.0,558.3903973064821,40.0,4200.0,65.0,175.00000000000003,110.00000000000004
24d3564187bc9ec23237078c230f9a67cb6b640dbf3416cb97b330dafbbd88d9c69054eadaf3f01f03243de47972e7dc93d4876fb41790719ba1c84ad36e7b75.wav,304,83.48844572372533,0.502809935184654,-1.6158284177633346,0.0,0.0,102.91502511321524,0.0,278.7018079711202,0.0,191.816056487972,191.816056487972,0,47,277.6595744680851,3.681823492377992,12.42718891680645,80.0,75.0,665.2817760597876,0.0,3440.0,70.0,155.0,85.0
45e1402c035cc367f3ebcb6f98474a1b5a594579f519419f3b4894d52d7dd2d65f4a931c389dc5eae55b120659da6c0ae467b1648e59d660ec94019254b417fd.wav,198,89.1105736356591,0.2710194789821193,-1.8569571905984803,0.0,0.0,99.99530247892162,0.0,256.89871902141124,0.0,197.21875719942145,197.21875719942145,0,31,287.7688172043011,5.21543720064424,25.484485630344263,75.0,65.0,924.0769245600368,40.0,5325.0,65.0,170.0,105.0
18a86d7b722a46233566daacf2089db0a561c255039cf8367582611ac3659851cf6a648a066f1a60a10daad0f757b091e4d14667753f005a5c815ecbaa159241.wav,292,87.7827529895048,0.6338473896345455,-1.3696502512046975,0.0,0.0,110.103937401793,0.0,297.167946250932,0.0,212.93622812796067,212.93622812796067,0,45,312.93650793650795,4.414291809502298,19.56531354013513,80.0,65.0,904.2116023470932,40.0,5315.0,65.0,105.0,40.0
60270a8aeeeb965e7d0293ff588e629b3506de2a392515078083ec318b390cea32f642f7e7e2bdd4a4dd2929666a55f886f730e7024b47f3802b5f6d92267bcf.wav,400,99.39000120049448,0.5000085335211347,0.2980139717005281,164.35312960219352,0.0,100.89470064789766,0.0,531.9511305785168,0.0,187.13505750762704,187.13505750762704,0,61,310.4508196721312,3.29845953293149,9.306533471487995,70.0,65.0,742.1299525243234,40.0,3195.0000000000005,65.0,115.0,50.0
3791a350909f08786b9d970129242ce611bb84a76bcec4307164691a9bae01f78329e83cbf1975ebcfcdce468c35e918ebec537c91527527168dac3985b95efa.wav,373,95.06374105308312,0.4052221369144017,-1.7071231075319162,0.0,0.0,111.50813662759536,0.0,302.11955906284453,0.0,222.453642079088,222.453642079088,0,57,266.01214574898785,4.470143419728115,20.18065891368391,80.0,80.0,612.8369905219776,0.0,3805.0,70.0,200.0,130.0
05dc58b3d684be5ac397a04205aee31714deb6c4a76f3966f8ddf20d71510779de509d3d3f89b2f04cd5822a08dc978d6a062d82a2e44f3c92807504b975f201.wav,421,90.2356893438848,0.5755847011837661,-1.2356297621059815,0.0,0.0,103.6238819493923,0.0,302.5739799266628,0.0,194.94827104696307,194.94827104696307,0,64,367.74305555555554,3.700686436849119,13.12801928393318,90.0,70.0,660.3981907904545,55.55555555555555,3325.0,75.0,442.5,367.5
5d25a62e2fc4edafb9a6d398183940d262de8f8d5985cb344bacdf42b457f370900deb682a87fc256ac223e47456cdc580174720d5155e8abfa3ab15716bf1b3.wav,184,67.88973128853618,1.1578261703558874,-0.4561986118881478,0.0,0.0,112.57045807148111,0.0,332.5078539510667,0.0,175.4928348670556,175.4928348670556,0,29,288.1034482758621,3.0874339227819045,9.94199897973414,110.0,80.0,480.34544644364433,0.0,2385.0000000000005,70.0,190.0,120.0
59123d5d63472c3cdf2ceced5e37b90a78d46380e85e7eabcee211c66dadc77cde75163e5b60398bc0b746903a0d54e8cb24fccad537d6d8887b647dc4fb3725.wav,462,115.54186398905529,0.2487420980068445,-1.1124697910999592,175.11990026586594,0.0,114.87810520930336,0.0,492.503178201931,0.0,220.40780690158888,220.40780690158888,0,70,599.1462585034013,2.286708536122272,4.491972214068461,137.5,80.0,1017.5070842471456,40.0,4770.000000000001,80.0,272.5,192.5
393a6995776bdbf6415033e94a7619c870f30c6c8f4fff3418f85e80c9a1542221edabdb72f723a03bf43ab5fe33dff242ce5b8fb9690c5dc8ab4163199f5f90.wav,385,90.92194657114244,0.5098974125287224,-1.6032861020291822,0.0,0.0,112.936903342429,0.0,290.1460541529681,0.0,213.16442288876783,213.16442288876783,0,59,307.7436440677966,2.678494542224903,6.6675319877797445,90.0,90.0,503.1346129851877,40.0,2420.0,70.0,282.5,212.5
558a51cf232c0bcef3074f3ccf01186504daaeb12934d55e977d749b927f3e3a13b97049b7d010e37207085685d6accefd815919b9c4c1d630fac6dc7e9eeccf.wav,443,119.824901202984,0.2188496569218574,-0.557572950903761,178.40990021368768,0.0,111.58805059815268,0.0,588.1132596103851,0.0,204.5859243595401,204.5859243595401,0,67,398.65049751243777,2.0015327789808026,2.4157095931996526,75.0,60.0,711.1386251082232,45.0,2390.0,60.0,130.0,70.0
2465d64fa62cae991f1c48f1cb6fc572cea397d2e32bad7d744b9c26aed11b5235489a87d9156c64eee68c7b6fd2dea0cab1eccbf702316d414dc0052f37c4fb.wav,320,90.2830922127201,0.3552088142015774,-1.4344407122238367,0.0,0.0,99.19021523729062,0.0,317.6694437936373,0.0,182.30309137545535,182.30309137545535,0,49,279.6938775510204,2.8280302953840657,6.751855218845833,120.0,60.0,470.74128273249846,0.0,1995.0,60.0,280.0,220.0
260a2a4c741fd1967aaf9835c5a9104861f0ceabc18083cc145f490d5234da44e43eb63bc081ce3a07040cd162c417bead4552beebc7818aa12baf7c700f12ff.wav,261,90.75523331530968,0.5130539751630473,-1.463492496112872,0.0,0.0,109.70297648608708,0.0,298.0519679750613,0.0,184.62144009204627,184.62144009204627,0,40,453.9166666666666,1.835761453864584,1.8085749389351973,110.0,60.0,694.3116645282578,41.66666666666666,2375.0,63.75,310.0,246.25
11363730a7fdefae277577e4a43438892596ed1caf2c69ec3bc85726179b273bdea30f693a7ce29594e81645fa62a304d10a620cf3a51ea15dc49d4fdf4bfcf9.wav,378,108.02905758672864,0.0900966522090619,-1.70950738113016,171.95417275806028,0.0,105.99497018922276,0.0,295.3032500134626,0.0,194.13134297821645,194.13134297821645,0,58,167.58620689655172,5.05739208591818,28.257715174784103,82.5,65.0,300.00178358566114,0.0,2110.0,65.0,125.0,60.0
5823dda875956bc019d39fee3f96ac8ab457027ffc0e54f8c01c5f2a8c1a58c69a19bac6aff98c43d60eb677b090d8da36c626e8c6c4baf90a721d8550e496a9.wav,395,116.74964035030902,-0.0071448436682378,-1.7263220605814271,178.15376567092358,0.0,109.0116843486141,0.0,308.7018654205247,0.0,198.33473014240096,198.33473014240096,0,60,235.6184210526316,3.201692451802653,11.041456999453295,125.0,60.0,339.9397175966983,55.0,1967.1052631578948,78.75,157.5,78.75
45504612822f03e2806d2276c4872c37967bcd4f23303ba3a6143ab2fe3c40e80f137792abddede6b361029890330662bdcb762739ce018215f522c0f7e4356e.wav,368,107.11875034366028,0.159363987898525,-1.8068510622818024,0.0,0.0,110.95450400775856,0.0,285.95728823944665,0.0,217.70751292690568,217.70751292690568,0,56,215.33482142857144,4.2945292693143085,18.335231430671584,82.5,60.0,384.58164386303815,43.75000000000001,2150.0,65.0,286.25,221.25
2f8392c2dfa63d2a7fdfebc053f9eff02246387575e2050741e587840e336405f2aa4e329210d8f5396da7c234626bcbf1291c21d98c49542195a54f21a968c7.wav,431,98.61579586445669,1.2050978977871698,-0.0706564963185298,0.0,0.0,157.8375351501544,0.0,501.1048151230312,0.0,227.4963111688603,227.4963111688603,0,66,102.34848484848484,4.147523227434939,18.221900800367813,50.0,45.0,137.11922399362317,0.0,890.0,45.0,108.75,63.75
33f6f6793f00ed68593ce9560406006e7c9693faacccbbbd754161c4353e89b7f8828bc80040076b8a8940b71fd31836847c921d76bc3807f249b64c0a83f89d.wav,683,164.19910608901205,-0.4846004993446378,-1.6207277871065953,221.64204772535496,0.0,124.6852599975211,0.0,318.3324723687507,0.0,262.9400614649594,262.9400614649594,0,103,230.02629449838187,2.706937677308135,6.621952722219817,105.0,95.0,316.0398695792076,15.0,1660.0000000000002,85.0,180.0,95.0
06c73d5731753b0f9accd4b68494a7b677ba8db954c7f9940b47d338c541703c364ec8943e03aec07c674fbabcce99b17a29be469f53cc9ee4575b15596ee96e.wav,678,84.51378570358688,1.0875630965616472,0.0938380528995339,0.0,0.0,119.5464467715964,0.0,595.1069615567611,0.0,209.75981048789245,209.75981048789245,0,103,651.9336569579289,2.526110955715817,6.171770777394096,145.0,90.0,1096.607296260302,0.0,5115.0,90.0,795.0,705.0
52b40bf55615a1a76458fafa29e1225c0bed5b7df0f3a4426885c0d5b729cd4b3e7008c34d0b01c7bae70d0686ef04916c26fb636f0ad048f476cb3b7accdb73.wav,743,35.61026599070686,1.6701437393017524,1.343755981346459,0.0,0.0,69.71216804504498,0.0,257.9545528472375,0.0,0.0,0.0,0,112,337.1726190476191,2.990573877792219,9.371681451048698,212.5,400.0,444.8048238427451,0.0,2195.0,98.75,400.0,301.25
48081fddb6fe56d7238739344274f98f70f4a4335f37fc7195807dab1d361d9fe28361e12c2fdfd087c5acab35af7e2e06d7caf1f50296bc78d1aa92527f2ff1.wav,289,88.44156670384173,0.9540490945329524,-0.6736929726881762,0.0,0.0,125.15651929936594,0.0,393.4206129635792,0.0,221.361990566909,221.361990566909,0,44,139.550395256917,6.348442690014702,38.54723596501155,75.0,70.0,351.8169896218198,50.0,2440.0,70.0,95.0,25.0
112e543f79b69542c16339114596d6eaa881c592127217f7e8570837a91cb5852e748dc026ec30049906cea048ed601f13fde077394491b36b1268fc17cf9ac3.wav,405,65.86943456549017,1.0241323426448847,-0.8552871730698688,0.0,0.0,104.84803827191044,0.0,281.962094621754,0.0,174.60844512217363,174.60844512217363,0,62,143.38709677419354,7.266114441363717,52.73444710692527,75.0,40.0,408.45970918446193,20.0,3275.0000000000005,40.0,125.0,85.0
01bcc19990c832787c691256bed2020d1f58576e57695b3879896901eba9bac5e6029f88003961671788d8f37a575500c124661049200130fe9923dc5effe528.wav,232,101.37411684908832,-0.4365091384365137,-0.9661907663333,100.7900591069014,0.0,64.57012286923502,0.0,215.4966650559944,93.59035027934377,162.45280820074188,68.86245792139812,0,36,95.61507936507935,5.678938911014048,30.511605945685247,47.5,35.0,266.2931670465779,35.0,1665.0,35.0,55.0,20.0
0a668e1d707095cca69c34387f5ae077055ff8e79b80b50152647de0bf3a43af564839e826a2c5a21f488c17b98d41ec33081e029fd0c2792550a174ff16f5df.wav,368,62.56631036450356,1.0024466753404715,-0.5513542313467563,0.0,0.0,92.8233773603706,0.0,297.2300582153835,0.0,159.59153223279708,159.59153223279708,0,56,137.54464285714286,5.004532738772882,24.43361329306633,35.0,10.0,445.5778479039658,0.0,2780.0000000000005,10.0,66.25,56.25
21bf5b93b57fa6b5ed6acdc08f27c586d75ad5bd3a10c4a2eee9590003afc8c8ad5a0e9ad2d5ed7d505de9c86bd796e5bf7ccaf61fc456d7274542df670f73ef.wav,623,98.60995163580884,0.7661828766356971,0.4506030112511134,0.0,0.0,116.33350425684068,0.0,597.0468743556058,0.0,211.21211134963784,211.21211134963784,0,94,310.0753546099291,3.7024155664196825,14.7631145322236,240.0,360.0,365.5223063676106,60.0,2240.0,140.0,360.0,220.0
14b99003e3578224c327132fc831080c77778c556fd79988b0f36a4867928cb949823a29dd56217df9bffc99e281e986f642b6140d0478230a02c170f6e296e6.wav,534,78.47614237457823,0.9646539634892788,-0.3989445012907153,0.0,0.0,108.28135411581944,0.0,379.115939577764,0.0,167.6989248284941,167.6989248284941,0,81,256.724537037037,4.108324195859419,17.278723164240255,215.0,305.0,322.2323360747778,30.0,1865.0,105.0,305.0,200.0
41076a3d5af9845cb5227e28258407bcfa1380cf645d5cfb2091ec3d74d78eed3e617b4f8878ccbc9c2c45f22cf7e318238fb7c0cfc28603e9669174d5bdf87b.wav,368,63.03816399433924,0.6170342923644249,-1.4316172872210078,0.0,0.0,81.59078158594403,0.0,223.2443640120725,0.0,152.68372743476814,152.68372743476814,0,56,217.5,4.086935222051249,16.539515387051654,105.0,50.0,444.2519796563336,0.0,2370.0,50.0,142.5,92.5
41a46bf0834f802493b8c1c44d917d87d02543b5005f1732fa2bb06043d946b324ef6a7b0b1fc94febdae504c7a14685c8705cb24002cba14052db00aeabf140.wav,870,43.45216630399325,1.541776174302651,1.1283788768556402,0.0,0.0,80.35367117932297,0.0,345.26356618528064,0.0,0.0,0.0,0,132,180.53030303030303,4.39899007815224,20.15260174621611,50.0,40.0,392.5756333110922,0.0,2525.0,40.0,161.25,121.25
4734a26759f6fd2fa227bde54bd9c79f31bf18d790b0790b81d2380c6ea707c0027035af75782cac2c21898bcc20a1ea83433c8470bd780968ec77e11de7d193.wav,769,65.54880802181475,1.9625565256687636,4.483509566961863,0.0,0.0,115.40993488718044,0.0,597.8035627147696,0.0,181.50498112428545,181.50498112428545,0,116,105.79085457271364,9.148383022780887,86.79453535600321,20.0,20.0,514.915333014263,10.0,5290.0,20.0,66.25,46.25
10ba6a83daa0dd5e7d273f4270606fc5912fb149f852a7f585c800f0f0146fbf3f7b327112a096d3aa30b21f55778d521a03f61e9809ac730727b847982ea74e.wav,853,49.91430348936005,1.7203723448790995,1.7144479818455831,0.0,0.0,100.52091203104534,0.0,504.0271425292329,0.0,0.0,0.0,0,129,329.3321407274896,4.427271258371388,24.3795010427364,153.84615384615387,165.0,545.1073618657438,0.0,4345.0,120.0,170.0,50.0
17d79f5957aed76826c5ec2bddde2678ab5cfbe637d9a3019e48d7ab26c3a31712eafd2cc3f991c4385120d84bde1174a0ce73e2b8642675d682824630eaa868.wav,450,69.9518000089828,0.658383912658714,-1.455098040712841,0.0,0.0,94.13479701593764,0.0,248.5906476559309,0.0,177.5336174608234,177.5336174608234,0,69,241.66666666666663,2.237148430782763,4.279203441497835,150.0,155.0,279.98921649352314,0.0,1260.0,60.0,235.00000000000003,175.00000000000003
3ca52c218b73557c55d61d006388696675232ddc0ead1e5fd8d7ab537863198effa0a24e212ec8331449fb4e9317d5929e0fbe12c5e2efb1fef92ec01ea75317.wav,270,107.91406721761496,-0.243844364077036,-1.8292973930018237,166.9411333017639,0.0,92.9081223079999,0.0,231.47929376882652,0.0,187.97920768691108,187.97920768691108,0,42,204.52380952380952,3.190014091633364,11.793631366530592,125.0,125.0,256.60978696542327,0.0,1470.0,67.5,193.75,126.25
6540c7ef17e272c3e15690807e4b614cd45d47d7d3016eac827ab986f237fa6bc58e329e31bb4f96cfc3ae8cf8497b1b34fea02f74905bb1b71d17c5fb7dff9d.wav,419,78.02650637903336,1.2901807058308432,1.7625071973980164,0.0,0.0,113.98170253053438,0.0,565.4744968504417,0.0,202.869210278946,202.869210278946,0,64,647.2829861111111,1.986230698006956,3.866982730764924,170.0,45.0,912.5572984144832,0.0,4175.0,70.0,1050.0,980.0
520ee6096c8fd709a003e52fdbe04ee04100c23277ed87b79daa0d5292aef29c77e193e72652e21c28c93924e37946199e0592da8328001db816528acd0e2fe6.wav,637,156.12294265431512,-0.910398747384634,-1.0013985727943462,206.9985493107046,0.0,97.26314666630816,0.0,323.5397732014321,0.0,221.7598463070588,221.7598463070588,0,97,324.03780068728526,3.209205317957613,8.649435626376142,75.0,70.0,774.8574060539032,40.0,3430.0,70.0,145.0,75.0
34f6f274a282eaa163bff8bd278d6770c025bee5f9e6159600848a4d2c5614be5cf61959d4bb1dec050d3ea38afb658d057ee5a69916c06a4e830cab7b498a32.wav,335,96.48384148267736,0.3329307466063376,-1.784101748483225,0.0,0.0,111.12450565565214,0.0,318.3965854983681,0.0,222.42724888950175,222.42724888950175,0,51,956.9195046439628,0.9302365522929976,-1.0963733504636075,105.0,70.0,1336.3351003568323,45.0,3270.0,75.0,2832.5,2757.5
204b4a467344f2081ba370238c1ccc18f636f3ef2861c00ebe663927ce59238ea52684b1db884854880c377abcd41134189e13a2c935abbeeb833dd6e997304f.wav,450,135.76702275457282,0.0947344826680517,-1.3265726431507014,200.97083120397957,0.0,124.91886276865084,0.0,422.0641489818801,0.0,222.5198201555561,222.5198201555561,0,69,419.6376811594203,2.0485419040797077,2.753309442771224,150.0,150.0,603.2468423315855,0.0,2270.0,135.0,340.0,205.0
08fb9aed1d2206ad323c58ced1584806a8b42a68c13ee6375d5b512778f9a5adf37d1ad96811ae4fcc4972845950186c17525fa573e1a179f630c11195f3d6f7.wav,532,45.616046194941525,1.4891364140204324,0.3842747311256955,0.0,0.0,88.4741139422378,0.0,279.22100124219304,0.0,0.0,0.0,0,81,172.31040564373896,3.440558951160733,10.364458901553265,70.0,70.0,351.4100608753482,40.0,1590.0,60.0,80.0,20.0
566847f472103d7bc461b057cd016502384bb801924577bb06d172582d4036a5827cb37db15173f2dfda5f46f518b9048bb5373984f21796774813e297ef9c83.wav,606,109.09627131098212,0.6127313991787168,1.0293770189840936,167.5966206598327,0.0,106.03937544761308,0.0,585.4400644789138,0.0,188.01317336424628,188.01317336424628,0,92,399.4466403162056,1.6825238014300572,1.7239425516462816,155.0,50.0,509.3058412489714,15.0,2165.0,85.0,352.50000000000006,267.50000000000006
52fa25b952b06f4bcf6191b5cf925a528409bfa0ec8ee2fdc33790e71ea2c1136722f7784eceb6d04ece40115a2ebbe5d1e71c29ac4fb5716d06bf41d6c4a8e3.wav,227,71.28834590692841,0.918121269957849,-0.7767328491336167,0.0,0.0,102.05813514386402,0.0,300.3743239558784,0.0,168.28804060313,168.28804060313,0,35,220.3877551020408,0.863246868892953,-0.2389781881602091,170.0,100.0,138.41305307354935,55.0,605.0,107.5,352.5,245.0
21608f093419b8b231e471b5b5caf5b22ef6c09a29591df6041de1d37cc69e5c132f2c46c92f28013923bc7c1487d9be9b8916210b49d63978fe08194c20629b.wav,181,109.95169707495084,-0.0436320642626321,-1.868675774530461,186.0985306457017,0.0,104.67510417993914,0.0,291.2780872932126,0.0,200.13095933054177,200.13095933054177,0,28,204.24603174603172,4.899969502935054,22.362224783662462,72.5,25.0,612.3070407332577,10.0,3365.0,25.0,132.5,107.5
4752007439ed3672fa6d93f4458921baa006c33b00c8c373ca9b8ee42f73da27d1d6db1ddefd5f0f203c2501fb2c61477b2c670de6b4d241cec3211646cb550d.wav,193,197.5801796000703,0.1211359099334082,-1.5124350890698115,303.51023523604425,0.0,189.00071197235408,0.0,596.9995911756407,0.0,345.7080357926208,345.7080357926208,0,30,156.3974358974359,0.0175008783355824,0.4973158656901146,142.5,110.0,58.628261198647685,0.0,305.0,111.25,204.23076923076923,92.98076923076924
4248fbfb27fd426ad863d30bc6f1c96b79df63989f1ef39536311205ed470892404b98fb4f5326123ebe59000b47e88348a96461c4890297b43ddceb1a85c5fc.wav,481,91.61752877122822,0.2631830428977927,-1.6707628930814515,0.0,0.0,98.25328747149926,0.0,287.9399003232206,0.0,178.16535197236743,178.16535197236743,0,73,164.79071537290716,5.320801504715034,31.46270197643689,70.0,40.0,309.03061208428454,34.72222222222222,2320.0,40.0,170.0,130.0
2548e6248b521666019b641ef42b2946707fe02f0ffe56a207c8b543a47873e8de9a3e856d91519c152d370dfce8138ddaf63c167474dcd62b5388ac5f97a485.wav,354,106.11158867793692,0.6651711855372222,-1.362235848946256,0.0,0.0,138.19241627912768,0.0,394.0367705619692,0.0,256.46322202813127,256.46322202813127,0,54,217.7372685185185,2.926862824561655,8.727434017411273,105.0,0.0,331.18771762913474,0.0,1620.0,66.25,195.0,128.75
23868b5e60706541a7a93132bdcb0d4f355b03ff98ecb1aa64ab64450810f1be3087b9699ba4b9f6b2aac3e2ab0a15d66f6dc659f88597aab5523a4dff281b27.wav,623,118.78296893085351,0.5380828435202707,-1.4254508911964994,0.0,0.0,143.17061830925851,0.0,404.8924447490968,0.0,256.6905442216777,256.6905442216777,0,94,264.1489361702128,2.454674897808321,5.056499850972905,105.0,0.0,424.32339025812007,0.0,1895.0,75.0,145.0,70.0
25c39712022817fa7bf2df5ec66d6670c59cc22662a2d39da1f07d3ac27eda2295da3da1f47951fed79c6434177315b5a38e499a271d1067c6c8533d8de29b9a.wav,450,107.14808422206444,0.5148836498116439,-0.34393143844252,167.13391362562103,0.0,111.698451627802,0.0,505.22859203683777,0.0,192.718667179836,192.718667179836,0,69,411.3043478260869,2.687652302073411,6.487530772744648,100.0,60.0,785.6694976555433,0.0,3660.0,60.0,175.00000000000003,115.00000000000004
60f3368de006033331db81bd0c10743b2f485bdfb352c33c21d777bf41a435676105dfa8919c094f35316cd758b964410b269a48b2717f089f4c2bb408fccdbf.wav,371,87.61964486559035,0.4794174216432316,-1.4151387848546706,0.0,0.0,103.63927080180244,0.0,376.3391688415527,0.0,186.8022345623139,186.8022345623139,0,57,189.3859649122807,4.01328358528253,15.423015324796996,80.0,60.0,391.7292635780064,0.0,2145.0,60.0,130.0,70.0
3b3f0b456dc5593d8362873f618bbc86c02d00b236d789b99d8dca73ae679f0b2fa3a18284584211627ffbebd91295d9eae41c3ba06415031f87caf138bfa125.wav,647,61.97855003123352,0.6053517926675567,-1.499751685382103,0.0,0.0,81.06694139945657,0.0,218.5339647532555,0.0,148.76177264604578,148.76177264604578,0,98,256.100583090379,2.249593021538932,3.622476048432059,52.5,50.0,472.6611919083123,10.0,1785.0000000000002,45.0,107.5,62.5
075dcb81de89e57f951e1279bff39ade65dbb0ca11cad8ee91bad2678b83d036a74a27589a5e9db46a11d88e64b817916e38c486e5cf24400d3c03a4d205a8d5.wav,359,49.60495001156779,1.0523668303978466,-0.0963871554461404,0.0,0.0,75.123005036866,0.0,353.1761114587666,0.0,138.5770453588387,138.5770453588387,0,55,322.34343434343435,1.5725179675082706,0.8395164207863228,50.0,15.0,519.4801067097926,13.888888888888888,1570.0,15.0,425.0,410.0
453abc73738baca9186184902beb24fe3dc393febb8684a4d78fa09cb6883e0af5359406a5d8698ca5d4975244efe19d1d816484022367147c4202da1dd15156.wav,275,84.5117633501159,0.626436317017196,-1.34885074800453,0.0,0.0,105.68112933041584,0.0,304.98696770295146,0.0,200.55362028680008,200.55362028680008,0,42,157.24937343358397,6.048417406584996,35.38027867037857,70.0,40.0,468.3769804193762,15.0,3125.0,40.0,101.25,61.25
0ae091ba7d580d4f288c6b761dd5493f835dc649b43ba631b3c5d6a377ae12e5f15f45161d35e93552dba5636fe0b16b2872b411735117a062158f13fbc47e2a.wav,347,83.23751274737684,0.9327409165084768,-0.825415519548097,0.0,0.0,122.76494293096404,0.0,395.0355830923191,0.0,217.6412805164316,217.6412805164316,0,53,604.8787061994609,1.5709993529088877,0.9769117848323344,160.0,40.0,868.1676397723888,40.0,2865.0,75.0,620.0,545.0
2d4abd9fefc544c3e10fc7538083b2ef00b45b8e3870feb91db276e89b5131d036fb6d66110b9b8cc30bb4ad67994c07536172478b83cf605be3a23e28426b2d.wav,515,52.25190474774366,1.4512683984444568,1.385906129860441,0.0,0.0,89.733373297646,0.0,475.9291827900868,0.0,114.92155468070084,114.92155468070084,0,78,285.6072874493927,2.7676410235667595,6.8060272844444345,70.0,40.0,533.217536573213,5.0,2525.0,50.0,183.75,133.75
10e4383b9ecd0e6c6ed38aa85d5ebfe80b039de63b13b9df938d9d405703a6e833b3d3e09b403e4de591fb34b3eb6edec2628d896529e319030bbc89d5dd8007.wav,234,77.08988563431267,0.4603325874374491,-1.729371811036425,0.0,0.0,95.54626514038964,0.0,238.3614648662893,0.0,185.56349764462595,185.56349764462595,0,36,325.69444444444446,1.326849374520451,-0.0352367255786063,127.5,60.0,412.7501813341311,30.0,1280.0,63.75,235.00000000000003,171.25000000000003
23bd2fbce456028fd7d3e6370bf5f4319277bb0d5c6f2469c157e1215fa50d98a244b1e11b71e8bed11dfdf62f2f0c012ca53e577ad6a5ec0b760623de970047.wav,791,170.9921780693318,0.1335973499771494,1.0581791556066893,197.0258749385996,0.0,109.54244840986202,0.0,598.1025144897008,92.10507234492496,222.58728032748257,130.4822079825576,0,120,168.61458333333334,2.542358280721039,4.858786920932113,70.0,70.0,236.73708583185635,40.0,985.0,65.0,152.5,87.5
1fc468da88e877fafeccc254f5aedf4bec310b6314bf395c6c6f58f8069c62c409d84a8fc59edeee4f5b533c720258a310427b22105a4b0ee16f4f710330eb16.wav,1065,52.267958237767616,2.542405423424064,5.913965782591196,0.0,0.0,117.420736779043,0.0,548.1791864813841,0.0,0.0,0.0,0,161,350.3416149068323,2.3938810751494195,4.85061855138757,165.0,165.0,429.3748612785956,45.0,1985.0,145.0,280.0,135.0
26c96f97f386cfd40a338f81112d5f40e52db58c7d219a8ee96776167d940c698dd4b1a3ed43788d5f5292be1d56cc840ed2abed6e0f8a70b28c45918cbd6de4.wav,328,46.79766015665589,2.177987075143002,5.994224482166876,0.0,0.0,92.69891619304244,0.0,588.7623567574545,0.0,0.0,0.0,0,50,49.24117647058824,6.157111375367424,38.75503494877485,21.02941176470588,20.0,94.05869642782864,0.0,685.0,20.0,65.0,45.0
0e798f928e423c7f84f4b3d1ce4246d4aac590bcfa64c986876d6fa2f7924878da3d02f68fdb9a6fda069b686ca31978fa24a24786d002099ac2ab92ba1e9023.wav,505,77.64749023849275,1.7297084674056094,2.435933970878322,0.0,0.0,131.525914047372,0.0,556.567961149262,0.0,168.3627361583336,168.3627361583336,0,77,669.3344155844156,1.3633507843117656,0.0894431391695089,180.0,5.0,988.2516370180292,0.0,3343.75,55.0,460.0,405.0
3ed7e744ac96f1d8f017ddca0ca633f7730082ba83d7fee9e936387124d9d116c794e675ebbf7dafc7978995799c063beefa12eff99d156f3108cf3458e185a8.wav,196,78.85759608458315,0.4560073958820992,-1.721860888934839,0.0,0.0,97.01081553907984,0.0,232.8889275306086,0.0,198.5508331150419,198.5508331150419,0,30,476.68939393939394,2.144398402897449,2.7952516216886494,132.5,5.0,874.7070735247819,0.0,2960.0,67.5,215.0,147.5
513680113c37173910b9bdaa0729e0b0cea254478d91d203a00c605acce9a02c8c1bc57b9beb923895624628235973a51af7b6b7bd707ad56cee70207f5363af.wav,201,128.9583318442018,0.5576518158138712,-1.2347026075840035,0.0,0.0,148.75366636522813,0.0,443.5286607700672,0.0,237.45078736662973,237.45078736662973,0,31,480.8602150537634,2.201328726926738,3.06918948705969,140.0,60.0,826.9682582623292,55.0,2935.0,95.0,257.5,162.5
39dd2000ef222013c74fcd40d7723d454176729f4f7c2d34ca511a5726a260cd25c9bb44d59e53b3744909890f5682f17f1b65e831d4f332d0f5e872d9c60e2d.wav,779,94.31774240131348,0.996817436876033,0.0440973786604201,0.0,0.0,125.10203369387558,0.0,599.3910141169225,0.0,188.16109768912884,188.16109768912884,0,118,328.3474576271187,2.048470922005541,3.479132654283588,125.0,125.0,447.04304151626457,0.0,1880.0,71.25,540.0,468.75
2ecea2a9c7298dc12861e28a88ea869f3a51f3a03dec53c936c34b063fb48746a7550fedba9eb304fb45108667d5f1ebb8c63878dc6942d65ef82a26ea13c23c.wav,407,45.791213964988586,2.670099700870191,8.890955064276376,0.0,0.0,101.554581149892,0.0,598.0862603168578,0.0,0.0,0.0,0,62,334.786866359447,1.6462140334305435,2.3896585703877022,80.0,0.0,456.5123435689326,0.0,1880.0,25.0,603.75,578.75
1c7d72fdc8d83246d1853498ce38a896455d0560392f8a226b67b9a52aac08e5324512f06b158d4ddd59ba80f71a67e18f1d542c329c1840e49a5e59a5a9966a.wav,347,48.78166639197362,1.3447777588812906,-0.0909509130896975,0.0,0.0,89.9492111140423,0.0,263.6306837024747,0.0,0.0,0.0,0,53,297.44609164420484,2.7063201267180923,5.9638994898677975,120.0,60.0,526.4048872262305,40.0,2160.0,60.0,205.00000000000003,145.00000000000003
54c27ddd47f56f378bdcd56d98537f1eac29833f2a4ed0b3fdf49ee3062fe20d6c7c7fa34945cba3293f4afdb5f2e86df04d5a4a2a14a33dddd24f45a155a590.wav,359,80.7104146173816,0.4630842902178699,-1.6671894307201631,0.0,0.0,98.79283615903074,0.0,252.77664869456493,0.0,187.9191464459436,187.9191464459436,0,55,180.01010101010098,4.074705200345732,17.122374725311953,85.0,65.0,303.4606883074408,0.0,1825.0,60.0,140.0,80.0
471a83ea589d4c25ddc58a98319360fea83a2b816e62e36c8edc8f71796db58eb5c9027c0eca3f530767fb042398951adc8b4aa92e4c9e2271fc0e8348efa485.wav,361,70.16164588257963,1.184600893356374,0.6114820148462718,0.0,0.0,107.23510329647732,0.0,509.664228556045,0.0,190.01799794918773,190.01799794918773,0,55,272.4848484848485,2.916963209851794,9.367155989953517,85.0,80.0,427.50378020979406,20.0,2295.0,67.5,215.0,147.5
33fe4f4dc5a5526c2203ea83f10f3c71001b0e7ee827dfba44b4577e582999e6e585a736edf006a916a76f5d407497c530c5ec16639c9aa5eba5d48de21c2baa.wav,368,56.33456936534624,1.0934318764687714,-0.6722121973167257,0.0,0.0,92.68767972321228,0.0,265.6336324787489,0.0,176.38238161329207,176.38238161329207,0,56,99.15178571428572,4.056299705911467,16.74268726940751,65.0,50.0,109.05568366512756,20.0,630.0,53.75,98.75,45.0
432a457536392d6f55c3489cc8cd8a6dc628c85f187268a39b887a49b20229bcd9b2bead250461bca64166b5dba5d249b1161d6edd9980d4bcdb45529aefdf8b.wav,232,99.3716712071442,0.6622039140805906,-1.2784478639806498,0.0,0.0,128.35722785255518,0.0,362.897282573743,0.0,206.8597945710988,206.8597945710988,0,36,174.56349206349208,5.289996406299673,27.420652742958957,85.0,65.0,425.1581431056331,20.0,2620.0,63.75,100.0,36.25
133fbf0b55115ed01738c0a4708b0c78ea211c78c5afd08457fc5dc4dca9c32cbee20a5d5071dc5a63a6d05868d9fcf62c1103a902f85abe2f5302d92cb8f3ac.wav,258,131.0567030232962,0.0105275217223931,-1.9318913514993088,200.1251149984829,0.0,129.34188433911558,0.0,300.2450161493299,0.0,254.5421514415825,254.5421514415825,0,40,213.70833333333331,3.142337019689624,9.465915475591132,137.5,40.0,300.1840841467116,40.0,1410.0,67.5,180.00000000000003,112.50000000000004
2019be6b52e2cfafe5fca15b690ab72856eef5502c3369f180b57786a3fe39d185b13a4fd5037bd491d82a3130b4739c49ea6b0481aec827af4c558ba8caedd9.wav,359,105.77450168357466,0.2385411159109935,-1.866456864974683,0.0,0.0,117.00902232873382,0.0,320.19996406014536,0.0,226.56262882251357,226.56262882251357,0,55,182.0909090909091,4.84922961426029,26.142165160549386,75.0,40.0,327.35536835384664,40.0,2240.0,40.0,175.00000000000003,135.00000000000003
642b8ca3f196135614b26613ece8db24846abf974f6ab22c847865a0720a2976413c706c787562f2976d3eb0ffa504ffae6b6c3918e06294a53c9cdeca56405c.wav,467,93.68983350343258,1.261944477330157,1.900906856590896,0.0,0.0,123.52092731317286,0.0,599.6676917813197,0.0,202.50965174989676,202.50965174989676,0,71,277.6810865191147,1.9587568747552424,2.2507793438534707,80.0,65.0,426.9850160293949,25.0,1545.0,65.0,150.0,85.0
40846ba831cad08bfc0519b2157692c7fcb0ff54b1320774eb44e4c617a7fd284b6cabf6bb9667d1bd05c846e8c1fd97408f5edf178b3daef0f022e44bb050f4.wav,275,77.40758260368848,0.7619630597073971,-1.0784930892443685,0.0,0.0,102.47227372817407,0.0,283.1185493595565,0.0,157.58804047250857,157.58804047250857,0,42,240.4323308270677,3.240266677863074,9.24738619464954,87.5,95.0,514.5672017942281,0.0,2265.0,61.25,120.0,58.75
1c4a9616e13788fcbff4f6e1eb98b90b190e1ea042f55d3eccd01d0ec49d51314e142a347488f40707c775843a5a0a0b33012eb7b3ed32c7e2f42a5202fc8fe0.wav,563,44.81057476476839,1.4066974005275132,0.158034842292027,0.0,0.0,83.59310651065071,0.0,262.97680782159534,0.0,0.0,0.0,0,85,359.0,1.6725128205703257,2.011879581068891,95.0,0.0,528.2004966921958,0.0,2025.0,0.0,635.0,635.0
4a6a61cdf51619cdaa739bdf36fce3ab3791fc2e43aff38931f7e8705f40d363e9ea1cf1bb8d6706c2612dbc6ef47f2876e06012a0fbac16355eef4a721e994f.wav,798,99.1743256320508,0.3876655559555812,-1.6391305036854893,0.0,0.0,112.54377184151711,0.0,312.28694552818934,0.0,212.0320155731781,212.0320155731781,0,121,347.1694214876033,3.450142769309497,11.804341232595938,95.0,30.0,613.6872825800546,25.0,3220.0,65.0,420.0,355.0
50c024bcc093423424aaf891eea234729c05890c6a2ee9f8a60d3ee6d537903f5b6278b248b3f3f6718fdb4e3f4ab0599bfad2d5412e03979de565be92cc625a.wav,5668,90.19371263714652,1.59732728752792,0.9733042588854136,0.0,0.0,166.88631072322642,0.0,587.5448968243708,0.0,105.35943850499892,105.35943850499892,0,851,233.2778046588788,4.9028543348976585,40.98149508146631,235.00000000000003,30.0,272.5606315609829,25.0,3265.0,30.0,315.0,285.0
5199ee86ee71902f54e56c192a84104fecaa9debab968325c228057249f1a8a90a834b9863cd244cc02da495b1c4ea6890c3381de54097e8acd19e1da7ad7751.wav,515,82.72210820200019,0.9181801685462484,-0.4164708880805459,0.0,0.0,111.90496657563573,0.0,514.7247472480017,0.0,208.79040988790337,208.79040988790337,0,78,342.3245614035088,3.0639874815733887,8.36289218098054,77.5,30.0,704.9909192381848,26.31578947368421,3110.0,30.0,170.0,140.0
150c52acfa8a7bf68af415612e1968a11f04ea56e3cddc2d864a1412e231e418d46c84870f93eae0afa79c104afe714740aa290c0b6bf8aed46310f9ca0bb212.wav,462,37.83837315701086,1.3655760183309709,0.1556937366095421,0.0,0.0,66.42518300087778,0.0,194.98548181337415,0.0,76.3091589443296,76.3091589443296,0,70,189.2244897959184,2.25379079876452,4.69116602009928,132.5,160.0,206.37040148055868,15.0,890.0,60.0,217.5,157.5
64bb83f11fbdf1f57822e0e6da69a22af578f46704f658e840f21a18a6ba0a685a2974cfaf24bb7b5b10c15b7d11c3dbe9011b330de1138d3de82070294c02e8.wav,421,91.51817204447708,0.7570247490419176,-0.6147942711370167,0.0,0.0,119.32101937840628,0.0,565.7327160784648,0.0,219.24918787309653,219.24918787309653,0,64,489.6267361111111,1.6951577636327495,0.9705597488425122,110.0,80.0,777.6549013471159,30.0,2360.0,80.0,341.25,261.25
4833f1df3187050761ae919d5b2224b55ea9b484ec2011fdb9f2f6edc25584fbbd1b136d374655c869cbd9fc407d68a7e599fbd32d2df60e96f2fe6fc58ef9dc.wav,433,76.38751178572616,1.2809790658482954,0.6489410705857153,0.0,0.0,115.32340990118414,0.0,443.1909770957586,0.0,174.30984947024527,174.30984947024527,0,66,177.62820512820514,4.865991389678031,23.32224834718344,107.5,40.0,387.5835561717796,38.46153846153847,2305.0,40.0,125.0,85.0
226d4e7571d47d9f7c24e8d929daea6c9c733d15bd419a4a8f9790b2e64249596a2e7ae2417be5102c99ccd9ff522170693e6fd905216f6eda882f1bfc3f7c3b.wav,381,88.68791240955815,1.0612536604553644,0.3713738390880627,0.0,0.0,120.13363024157462,0.0,537.566953329586,0.0,195.57593061622697,195.57593061622697,0,58,272.4425287356321,2.9158776733411003,6.582610038761896,107.5,40.0,603.2418181305886,40.0,2260.0000000000005,40.0,130.0,90.0
196c785d4ec73105fd0be4645a4efc5ad568b09bb5c03b71b267f98bd798c8ecf3db09062e74fc897b6fe897831d550a9b62489756d1f72fc2f0ae96e84ca12a.wav,455,97.5389737846414,1.2854935606954403,0.4913052182564703,0.0,0.0,145.4320055175172,0.0,572.5284553852334,0.0,177.47789862182492,177.47789862182492,0,69,507.8680396643784,1.70010622722032,1.4472928485296004,170.0,115.0,663.3278331062602,0.0,2675.0000000000005,120.0,400.0,280.0
54c350c5d66e8dbf0f37b0f17f4c009242467842ec8406cff8cd3b7e48c724f4bfee837fb1a1c52b1e360dd44dfb03017874b2335594958d23228af2cae65092.wav,913,69.0769804360938,1.6808926978291232,1.8150019151904777,0.0,0.0,123.16468406972598,0.0,596.5535779648878,0.0,161.74575136505356,161.74575136505356,0,138,677.9626532887403,1.789574777933512,4.08339076836246,220.0,115.0,830.7068825047294,0.0,4860.0,125.0,1158.75,1033.75
3e828350335b7582b4b224e70aa90124a5947c193b0f5a5decebd5d276d6ab60ad083fdd3fbeaac5c5ed12a06a3b95b77d2d811fc2ec7f213c50c64748a42a0a.wav,863,31.062077707983537,1.3281893607098036,1.051867083634881,0.0,0.0,51.86165787786484,0.0,295.5189817124373,0.0,98.99656210451366,98.99656210451366,0,130,74.43429487179488,5.90535132028834,36.70803732201785,40.0,40.0,127.63134583549834,0.0,1060.0,40.0,75.0,35.0
22508352ef4c9061ea74f123b52cbf594eb88b2b4f83df7abcf43eb9833f4eb60ae574bb41aa2acb9a5ab7cd6945e51d2d2a949960134ceb0425421693260772.wav,817,60.11043604458713,-0.0061448819183716,-1.7183656031724286,95.4159296928609,0.0,57.17217639297964,0.0,231.49787114635052,0.0,113.33954234994856,113.33954234994856,0,124,58.44086021505377,9.650946559165996,99.22807323012609,40.0,40.0,80.8935154348196,0.0,916.6666666666666,40.0,70.0,30.0
2cdc45fb566aeba3db1fe809ab5efe506b4cbce691fbfe829770856f4777469020e5b25964a0d9726e0ff85defd5db14904cc279e87edb8e8fb697e27f62a93a.wav,587,67.41867296809355,0.2008194478147796,-1.4259403691375558,97.0180696412492,0.0,68.48239736301146,0.0,317.0519755189932,0.0,129.29182237281393,129.29182237281393,0,89,157.64446227929375,7.096433337513699,56.08144770080366,85.0,75.0,342.4514918988897,30.0,3070.0000000000005,55.0,110.0,55.0
49fb58ded0ea9102791f11abe7ff991f89260f0483837aa085b83fcef99a77ce11f7fdd0c7da8c62269b74a60ef98b72361b8d4f12ab27c824af75fea4babe66.wav,352,52.05803663034439,1.5721688030873646,1.8620424079238636,0.0,0.0,86.63028649109145,0.0,362.33949831974377,0.0,135.80845703304595,135.80845703304595,0,54,149.28571428571428,3.812034051646153,15.219080519866957,100.0,100.0,203.11477603783035,30.0,1175.0,55.0,122.5,67.5
09068325107d84922fcb55d34c55af19f383eec8dbfd4b029bc9ab82250175c4f308cd8bd062b9f535b9ffd59bfbf200d0635377cd5805024edc11f72d4ced19.wav,277,65.58411582317376,0.7681209483317499,-0.9523300492093538,0.0,0.0,89.2510286839454,0.0,334.87781534127987,0.0,166.68178161850446,166.68178161850446,0,43,216.3953488372093,3.2318394267757986,9.023768489914715,20.0,5.0,593.9024718123998,0.0,2515.0,5.0,60.0,55.0
3f7acd83d2ce93f16906e664b3c4e64757c619e2df72a9ae0661435c03d68c599229b065a3ab2fe3266a62bf0592a741dd36f2c13fbb8343d1759ae1975cb1c0.wav,462,68.53725849819863,2.5087649055668324,9.950336731756623,0.0,0.0,95.39303153327045,0.0,579.4620711221164,0.0,131.28094979697886,131.28094979697886,1,70,297.45238095238096,1.5154491394176348,1.022965756850815,165.0,45.0,323.5781745328532,45.0,1275.0000000000002,85.0,367.5,282.5
243593c5cdd07bc2b99ff5ae8472b44a84e975448cdc728761d349da0e4ccb5ea3c52b4a251d2d5dd2c83f7bf07a5b0e5803236548a9dcc0b0ec57fc9a0faba5.wav,784,22.091290056476097,5.352530837406973,33.88087347852119,0.0,0.0,72.20986255738718,0.0,561.175745560733,0.0,0.0,0.0,1,119,76.63865546218487,4.129751042654704,17.44186392696128,45.0,45.0,135.19532903599222,0.0,915.0,35.0,60.0,25.0
41edd318abcc78b7422b4079ab777930ae43dbf3ae0df31c31d9072992286b1f8d06161cead8926b5ba1a0aeb97e7b9d260a260a3231c454cfd63a5f9e295805.wav,320,0.0,0.0,-3.0,0.0,0.0,0.0,0.0,0.0,0.0,0.0,0.0,1,49,6.428571428571429,2.053245096597037,5.264928193499619,5.0,0.0,8.017837257372731,0.0,40.0,0.0,10.0,10.0
0cc16b4932314c3f42421adf4c6ee7f863b1b01659d2896e68d7e43c7c39705146e740cee2c894c1a31890da2e98a07bd8fbb24fc1955e9f228306cd45c99eff.wav,491,48.37703594620889,2.4798471662511177,10.456715856622846,0.0,0.0,86.17487055848473,0.0,598.4730343626882,0.0,144.23111797202162,144.23111797202162,1,75,79.73333333333333,3.984254623278845,14.371862669604514,15.0,0.0,246.7088612559796,0.0,1295.0,0.0,55.0,55.0
24d65da5b4ea33757a7e5e474edbfe8d26c172cc8d1a0b0cf72930d67770b250ae2b4cdb0dd5358047f144791248040500194ad32bfddd1e1becbe7c3695804c.wav,460,8.548580844428296,3.1439211169673253,7.893057157466668,0.0,0.0,29.34653409255636,0.0,117.9841597217416,0.0,0.0,0.0,1,70,264.18452380952385,2.169458194251008,3.5746354364437467,75.0,45.0,385.5496130790538,0.0,1655.0,47.5,270.0,222.5
4fccf5c48696f43d85ca6bea56010cbf13b7da89f65a50d5bb708a41fdd5c046e9fd32b10370cd3e0dccbea9c160cbf52413e07d1f0283960c4cab9c6cb59aaa.wav,455,45.1148623585239,3.84183586918015,22.59651780019969,0.0,0.0,72.15061644340253,0.0,527.9867558818219,0.0,88.60794676035374,88.60794676035374,1,69,101.73150266971778,4.132164218024348,16.171566814826853,60.0,60.0,161.79278955556737,30.0,895.0,40.0,75.0,35.0
5def04f21d7bf0e261bd74e099500532c48d6fb9e892513ebc3e1c66104170a6d566895af3c654095a59a4fcb66c0a3f655618b01db1ba5ce600ab1f11294c9e.wav,371,72.37664685450997,0.0500824951963422,-1.716942172748549,110.03083902038082,0.0,69.8489549441798,0.0,202.51348406713663,0.0,131.94867825501086,131.94867825501086,1,57,108.59649122807018,2.881728894183319,7.402259580940147,65.0,40.0,132.9613925826331,35.0,615.0,40.0,95.0,55.0
546ec07809306244de3b34338cda013028cb68f8fcaf7972921760733d57a5b9af7bc04e44ea4459e03b5e48268071214f753d8d2eb1e2dc30554cba0f71e437.wav,287,33.58444280759876,1.2885453998381828,-0.1644012040418681,0.0,0.0,59.59593346702445,0.0,172.62031080835754,0.0,0.0,0.0,1,44,213.76623376623377,2.404574819831757,4.708252160025494,70.0,165.0,319.0522681411905,0.0,1275.0000000000002,50.0,165.0,115.0
2fec79aa79c1caabef15c95bd0b630369be09992a11d6fda5a1aca87885d7fe03568989ddc02cca939c1cab4aff3130d415791ea1e672927f36ea7d8ae667922.wav,513,44.21898630188831,0.670629603771326,-1.269195402214982,0.0,0.0,58.124933258384445,0.0,182.9290758300188,0.0,106.84324786565506,106.84324786565506,1,78,207.3717948717949,4.115357441391381,16.78959766721016,67.5,0.0,477.7489446103106,0.0,2675.0000000000005,5.0,195.0,190.0
5b9be1da8dc303e74cd7079976e2f3be392366e6d071c219fab72cfeaa18b0a0c4c45863903158fc31d9f0a9ce8a863427c077dbfe56777b23a701489f2b7cb8.wav,501,50.56962282928262,0.5640842928706614,-1.5782461392147904,0.0,0.0,65.09189397566902,0.0,167.84336884162698,0.0,125.88232036063496,125.88232036063496,1,76,483.8157894736842,1.2660867583344195,-0.0412281050540324,125.0,0.0,669.5982045526753,0.0,2300.0000000000005,45.0,566.25,521.25
29d5edb655c79f84b6a520b8d8346858ca1f3026a65bba3eefcafd5db9fbce69eb7f4febca8aa927b0a93ce2e4e2bb5b384269f2ccdcd064e5d89a23ee397492.wav,443,32.52182277046004,3.699562350672589,18.118075566775545,0.0,0.0,68.90033459108353,0.0,476.375374712894,0.0,78.61824923971372,78.61824923971372,1,67,312.5901741293533,3.2462197515205315,10.88129967242525,115.0,75.0,579.0505518914408,15.0,3320.0000000000005,75.0,175.00000000000003,100.00000000000004
2ffacf559b5f3a5e56e4789c11c907f3676a15491945db1a26740e2778e61dfd49bfb8ac2ba06949628c0cfbe79c1968e075c2b11258b9b2364712719b0ae8ec.wav,277,34.79018586532864,1.2695206856064836,-0.0320582879444963,0.0,0.0,59.41397501132397,0.0,193.25003467712148,0.0,96.012838635485,96.012838635485,1,43,145.968992248062,4.936000919181834,25.565031951906207,60.0,45.0,320.9245028136985,25.0,2041.6666666666663,45.0,80.0,35.0
0a13c812453d9d1563092ada646695842dfa7fbd01cedb21bb7449d94b1ccf7390ae3b9d0ecd412783c014d4f2701cc5c0a96d1cfce52e05fe6c423966f90555.wav,880,33.78445257336661,3.6014978031853184,20.08648576431112,0.0,0.0,69.01457985113548,0.0,577.9994108435071,0.0,86.91272516973787,86.91272516973787,1,133,408.54949874686713,2.2637610973914164,3.2840884359619213,125.0,130.0,777.8713460048655,25.0,2720.0,65.0,160.0,95.0
06d446aabaf20f6704ab7ac5e1eab7880ab20040a723a68bfa6e6f268d52dd8b14b25ad133d492f20f655ed4c5d76aa4959709ab849e072fe3476b3d5c8b2b36.wav,510,0.0,0.0,-3.0,0.0,0.0,0.0,0.0,0.0,0.0,0.0,0.0,1,78,393.2051282051282,-7.668410380980273,59.6829881079466,400.0,400.0,47.13574477230602,0.0,400.0,400.0,400.0,0.0
2bae42e6a726b2ce55a6afba224bcf5225f0d59027a376059345b311ef23a6ea80b98e45221fc7176065607d864c4cabac359672b774b8d001ccef9973db1e3c.wav,880,82.69481186190424,1.4527357151525682,4.315272217360945,0.0,0.0,101.18496689051834,0.0,588.4243104408863,0.0,164.7779326367157,164.7779326367157,1,133,71.35964912280701,2.242712347175812,5.97293594939779,55.0,60.0,71.25467884534959,0.0,405.0,25.0,65.0,40.0
48da160636c4cc73567838b20b4a6602fee854b1e6217cc896a44b444196f45377631af9139f796035c5f7769ccf0cf6fcc3a9b8cb2cec309290e721c7ead96d.wav,856,41.77118288551182,0.4966938612224976,-1.6540650591312178,0.0,0.0,52.19023327085048,0.0,142.2840198979221,0.0,101.68385078590175,101.68385078590175,1,129,97.3291050035236,5.56252456100131,43.81627066803649,65.0,35.0,99.34796083737444,25.0,970.0,55.0,110.0,55.0
207650364e87be438ada8721342275c21f75760035bdfc6731573640cb8d2d5c1c402fb0afaa2dd5e2ef59f8c760039a70bda02d5b5b6427993b49128a24527f.wav,695,98.86299311664617,0.3418006724743621,-1.1648193672322344,0.0,0.0,103.81417074883434,0.0,433.5433517056194,0.0,190.0292529758122,190.0292529758122,1,105,210.93984962406017,4.431338985225545,19.195074889594625,130.0,120.0,379.1877089713394,0.0,2285.0,90.0,160.0,70.0
3cd6a3ec19acd280657c0a21132a6b7984a62be57f368d24afee05e06cb0a4bbb64ea443e95c3d719867671b05dbfbf5db2df2cc11d989861a366cd004868165.wav,503,36.71952218189617,1.6920925220808656,2.079452843353943,0.0,0.0,70.68231411692594,0.0,397.30017238308096,0.0,0.0,0.0,1,76,341.452850877193,2.8746117859355897,6.907001930062327,152.5,425.0,542.073491343616,45.0,2310.0,100.0,308.75,208.75
1794a47560949549556b287b01b4eec60a46a5496858a8a0823e1b6904c17d2d47c101980d8b463d7939c8b6372896c98cf9b6373af9ba2471d12c290342d385.wav,628,16.613340025694722,2.0011419649859272,2.147850536940564,0.0,0.0,39.4373490832574,0.0,147.33407280882682,0.0,0.0,0.0,1,95,499.656346749226,2.01587140420744,2.6861194163943107,95.0,0.0,907.5967409617508,0.0,3340.0,30.0,297.5,267.5
0a073c5004dd4ad3988fa24bea5688a3207e338d9d69d432634ede7993b8cbac10a1b7aeab7bcdfd2fdff6c7ea405486a4a8d146906de8c66597b81dfdab9f8e.wav,282,46.27409533472128,1.375120884110072,1.6297585190343993,0.0,0.0,73.05254644879012,0.0,358.95202503367705,0.0,126.84992673045193,126.84992673045193,1,43,359.98338870431894,2.303537927634969,3.986057254984279,120.0,45.0,603.8804569396673,40.0,2290.0,47.5,207.5,160.0
44cece01130be1218df4001221285f4d6a7db6435c4918cf4674d18b174134aac0a5cf2ca53ec506d0a8fa92afb7e7c2c3a6854234b9c8b4250be25953256638.wav,501,93.64478849633214,1.245884905884025,12.137994073625132,113.69718458420796,0.0,65.45474864297951,0.0,597.6933390789854,0.0,126.4225412555115,126.4225412555115,1,76,131.71052631578948,5.237144713720735,27.80111731955231,45.0,35.0,254.0754040473581,0.0,1630.0000000000002,35.0,171.25,136.25
5d81b0006ae9cbfd2bf231287a694a98bf11ef3ddd25bf27c67443284a0ea7611b7713a675ba9404d694ad968531e4e7626168da0ccff22f1725ef4270c6dfce.wav,299,28.24107832261297,4.084019088053511,26.81461177993484,0.0,0.0,62.00361393129286,0.0,536.1856762891024,0.0,0.0,0.0,1,46,423.9855072463768,2.008840475271351,3.281847167554684,175.00000000000003,175.00000000000003,577.3706097871616,25.0,2600.0,112.5,233.75,121.25
3c8650a5c0ba4b4485ff4a8cccfad1d5f69cd0f61049fddfefadfb137e726c148f277f0aaeddcf178dfe34d41e4f43ace220b3d6d16b56fc9776da08b3214fad.wav,383,69.89894575220741,2.659744912025452,7.88453902957877,0.0,0.0,117.80200972080658,0.0,574.6919128336574,0.0,113.20783920553257,113.20783920553257,1,58,296.9647988505747,1.9519577038078575,2.309520384918861,99.47916666666666,40.0,435.7169761135899,30.0,1595.0,65.0,252.5,187.5
25272a842c0d6c5a9b433b4c0f7694a699d7c725c67700d70ca61cb5717c39f0c7c69d58c483ca04e60fb2d9720573a7c5b3818e82fe294f8fa7837356ca59da.wav,431,63.46725883197872,1.222158387236386,3.445870767332708,85.2689664275765,0.0,70.5026891054324,0.0,397.9433002245129,0.0,115.04914060621148,115.04914060621148,1,66,383.2007575757576,2.237816951845008,3.1592725024701496,107.5,105.0,707.6113565054527,35.0,2385.0000000000005,75.0,154.6875,79.6875
3dcb63d6f81581d9dbc1c2e4687f6f8888b70be399115f32ef17ab2f14cd36327410a8946cafac74f938f76c729bbd19c1f36d07cd3f3b0a15935ca26b052be5.wav,337,82.22539350379168,1.061518827540476,4.65563946097757,107.25827625324956,0.0,70.94633344754543,0.0,440.2816815323145,0.0,116.9093791635888,116.9093791635888,1,52,92.6602564102564,5.140614708511043,29.585487709474208,40.0,35.0,136.97052665659072,25.0,970.0,35.0,131.25,96.25
2ec5f09251d7e404ba262f88dbda6874f7ebaf5a70faff0071a7229f01fee86520a90df68d8416d707e788f2139fdcdfba9189350c3dbb9f89812975485e75f9.wav,294,31.8336742731691,1.443117212329151,0.5529539754982942,0.0,0.0,57.533359854830834,0.0,197.1095342754928,0.0,0.0,0.0,1,45,102.79166666666669,4.382780762552828,17.32864319014742,40.0,40.0,264.9158540409053,15.625,1345.0,40.0,45.0,5.0
22e2a8e919f0681ab4e2dc8b3902c29d5ec9d4be47f8f4ce7773221f3668e9ab8b5f77394d04e6e5f00a2478264e780d23e373ffefac3db17a47167c274a10f2.wav,186,30.236737364862584,1.4481173550551614,0.2652338645825471,0.0,0.0,57.63167083269356,0.0,178.0881502798032,0.0,0.0,0.0,1,29,500.0,1.121186661698515,-0.1991954308619918,150.0,0.0,631.9510020290476,0.0,2050.0,55.0,1035.0,980.0
437e9acf40a1ee21c1cc3ff20d440a1b2a316f7e8521e89d64e43ec2b0553a60a0db062172466a665b8655c42137b4c56a9bf8a23eab8d8940dcbcf5092ed325.wav,481,24.00035541305906,1.7590586121399625,1.3381165096670848,0.0,0.0,50.7623976971145,0.0,164.74197168959057,0.0,0.0,0.0,1,73,202.6750380517504,2.839378837778728,6.817171579286509,40.0,30.0,433.2276378211554,10.0,1900.0,30.0,105.0,75.0
2e7d29260bf7148849a7aa71d9c7babb5884e17ed11bf7c80a3f2904a3ae6c91dcfb76e78d11d9b82b336b3aace236dfbecbcda367a6717feed1be65070d4439.wav,330,101.15075880091864,1.6644860365669378,2.464135387986264,93.5105543153893,0.0,117.39598555121994,0.0,571.3346198547189,0.0,112.27736688905912,112.27736688905912,1,51,223.52941176470588,0.527442708270902,-1.0926440523074876,195.0,60.0,175.48334963093563,0.0,605.0,60.0,397.5,337.5
623d9e5804566b1d52bdaee41affc911e5018f74d748bf3e78a0beec8ad2ddacafb10608d5992e8af4388115472c977d7a7ed21c728f0aa8269af92e94e3ea31.wav,429,52.758719344563794,0.1475454373789747,-1.8620877390383883,0.0,0.0,55.17652365944139,0.0,134.68663567046403,0.0,105.93596930994543,105.93596930994543,1,65,163.17307692307693,5.927222715749708,37.03207950220883,65.0,65.0,551.5284303346978,0.0,4075.0,10.0,75.0,65.0
505c00f0ebfa1f3b0fc0bbf0eb04f918892592adac2f77e3b458d4e40bcea4983fedde15734e63b27f3a3f18ea2f455cad0f6aee72c78238620a115d8a393042.wav,287,54.08878881240836,0.813006214989238,-1.1070558620405024,0.0,0.0,76.41245109621809,0.0,207.1736769082362,0.0,136.95881134694753,136.95881134694753,1,44,106.62337662337664,5.447632877346678,30.21119568118626,50.0,45.0,221.65407263040487,15.0,1475.0,45.0,71.25,26.25
4557a232c0c427f649d584b63de8af41fe22f8f3830a1bf2dd72ecbb564b65bf7d029fa2bdc4736ef0c510ba899bd7ff862916f82b4cda0eabda28673d00548c.wav,690,39.04661114376592,1.0547467199452811,0.1592034930522188,0.0,0.0,56.05340379435516,0.0,247.68194470554508,0.0,101.1644650906546,101.1644650906546,1,105,250.8571428571429,3.257035622737006,9.341061241539812,80.0,70.0,513.9142309127993,0.0,2300.0000000000005,70.0,150.0,80.0
10c2368d9de7991c450ee78963193e09129a6edb403d5fb14e2e691bb4d1fff8a9da933f8b112a8048a270b1c727cc4f491ff0d7fdef7fdd9a49008631b0cd2c.wav,349,52.45851869091232,1.3677424689748394,4.782161864534962,0.0,0.0,64.39342996186438,0.0,432.7779704249588,0.0,103.3485713961288,103.3485713961288,1,53,358.552091878589,1.9349728693094363,2.1160371736167125,105.0,115.0,579.4663105756822,30.0,2030.0,65.0,210.0,145.0
109d207ffd731673aa78383c0315086b3b6f15c55d8095aa52e7a345c92a7c42305aaa6b448906a4a8be5ffd6f8c41278d68d7de379998eb59799ed95de912be.wav,568,54.36936536281059,0.3301248249026546,-1.8431603352710064,0.0,0.0,63.293385037629854,0.0,157.54601285479356,0.0,126.63345933827128,126.63345933827128,1,86,122.95143638850888,4.103216574822324,16.266371306829605,45.0,45.0,265.93556695911934,15.0,1580.0,35.0,75.0,40.0
4f6b7a4fcb121fcdc78e9b02d36b6cf9caddf3fdd8562280a3a4cb7bb0878b52ba19bf3315ff3e4e0b42ee8e3af55eca45fce48a77612bdb3af42bbc95ce9122.wav,328,42.32303436914272,1.6841115242474225,4.730616791300055,0.0,0.0,63.75041051126033,0.0,388.5344698576604,0.0,105.79468788617584,105.79468788617584,1,50,147.7764705882353,6.184886587389406,38.29779903849898,70.0,70.0,348.49292516883827,30.0,2495.0,61.25,125.0,63.75
2fa2cfcd406970abacb972157f73444f5c87e33c705d336878811f2f0e7380377fe10a166d548ec3771f88dba28d705670ad1f2e987c83304061435ff0ff84fe.wav,433,41.22790154906241,1.097878402292387,-0.4381271440845324,0.0,0.0,65.43152525136001,0.0,217.50807770219217,0.0,116.55588795519388,116.55588795519388,1,66,129.3181818181818,4.25993373193996,18.88410947533573,35.0,35.0,274.0325770885373,30.0,1700.0,35.0,68.75,33.75
05b9642499c56706f7bf34b8ede697589df4cf31d802d22313425116d26e111bac7d084c411d9e31a2c3c849b455538ff1efa0eb10031c9ae2a8b79c050e6b6a.wav,234,34.548198553808966,0.9563987669722184,-1.0331413250851016,0.0,0.0,54.251472963954896,0.0,144.32518567223502,0.0,108.12486207695986,108.12486207695986,1,36,152.89930555555554,3.38882489623478,11.419543861582143,80.0,35.0,222.4058181198179,35.0,1180.0,65.0,131.25,66.25
5451327d24e3e9a6e5e6d8e98ab741cbc7a7dd995fd8d9776f38dd3b5f3706e6834f90fbf169cdd21d82d5d7fe6fb702a6c80d2df72cf627c59c3f9bf61608aa.wav,510,122.5568188988966,1.0646910099778055,0.4119927751340686,124.7931299873504,0.0,139.9793783703975,0.0,542.7453406265015,0.0,184.9547217979224,184.9547217979224,1,78,158.33333333333334,4.236417540806428,17.59471109399327,100.0,45.0,238.25442480711857,40.0,1370.0,65.0,140.0,75.0
37d9a2c93509b8805191ccd9b97bd079aa5cca20e1db7a4a9bb76b5fbd477f35e60dfe49eaf5074e6b5009f732b8b9a670b04f0e508bd4844bd13f2689282147.wav,1355,24.1612966825368,1.8952951351644736,2.404989301703101,0.0,0.0,50.695865775934806,0.0,234.9051116768123,0.0,0.0,0.0,1,204,55.345717234262125,10.801851355102745,134.7454204252402,35.0,35.0,77.65425741749738,0.0,1060.0,35.0,61.25,26.25
21d406742501e17945313eef8694f87efc8f791da6f8f2cc067fb8aa79fbb9ea36563495cc5e7a2505c912e64663b408b9c3f06475ffd7f12538e4db9cba884b.wav,654,29.414475214857617,1.6346365129906513,0.8059986909670189,0.0,0.0,60.852655216971776,0.0,240.84923038654148,0.0,0.0,0.0,1,99,367.51578282828285,3.2761464743433795,9.852671799741143,45.0,45.0,982.915595227212,15.0,4990.0,39.53125,65.0,25.46875
4116cf235605b1b516c56b91b6534600ebb512382943cdafbf3cfe0ffd314a59335bb8593a952851f1d1b29ed44bed871a51db4a6324e57d2bb90567e1874505.wav,347,46.4051653783764,2.6524426763124933,9.298450693713498,0.0,0.0,87.04260426508439,0.0,496.5965437029452,0.0,81.24528874998677,81.24528874998677,1,53,249.31266846361183,4.507264622858359,22.570213234331653,70.0,55.0,505.9516773112329,15.0,3280.0000000000005,50.0,165.0,115.0
321de4190a7c250de99ba5725248a87b832d3adb95631098d7631e03651675889e5379816552436a7b76d569a52818cf1e91be2d0dec219990c9bbe808e0b100.wav,654,25.30409280941865,1.3955237143116692,0.6220078357298231,0.0,0.0,44.15312386668292,0.0,183.10714333460697,0.0,75.54493529492498,75.54493529492498,1,99,142.87247474747474,5.731374451073391,33.45607916730103,60.0,50.0,349.59133473154145,30.0,2440.0,50.0,75.0,25.0
07c2b83922ff8ba9e5011772fbe31423fc5e955d86308825a0a89466da2e655c4cd956e6d00fd1861255543f24a3e9ea6b13c86d8c2b8413bce5a0d4779cd454.wav,239,29.82115689758731,1.486167403884801,0.3052672796614408,0.0,0.0,58.41979641302909,0.0,193.3541073601815,0.0,0.0,0.0,1,37,54.054054054054056,5.546259074677088,29.703275588111783,10.0,10.0,177.3599098406959,0.0,1100.0,10.0,40.0,30.0
4853804c10ce31e39f5a207a2c21cbc859364357cd06665995b57b9214a2f140ac264ddb51c367af303b415dadcea1e32d9d502f9c726d7b311c8dd7dd5ce5f4.wav,702,84.71989422140913,1.413891975103445,3.689116609849082,120.53734998041452,0.0,90.17449336115632,0.0,462.97727527635095,0.0,132.97885220718132,132.97885220718132,1,106,252.6796945193172,3.3011473815958388,10.125257098936306,132.5,90.0,419.5617443880144,25.0,2180.0,85.0,183.75,98.75
6281af164ad0abde086664ef3d42f56a619848f8f6b81fe37fcf08dd466c8609c85b0ff2dbd2ee7fafbea7f5f92267cb52fac7f4ace2fb00b756a1b9c07114c4.wav,464,31.171288741663588,1.102756000913144,-0.7341336484542045,0.0,0.0,52.21847137086928,0.0,138.93504385632664,0.0,94.3631925918672,94.3631925918672,1,71,68.52112676056338,2.079723413818481,6.8301802143880685,65.0,0.0,77.32952338830755,0.0,420.0,0.0,125.0,125.0
15c735a813db46d1f551724c2725825db2f4e18723e509a2670828f45985635caa72e14a018e1e28462b221e791a40f4033617c7d63f396ddb9623e8fb943025.wav,527,16.227029383079014,2.2534937754251945,3.3766583205220453,0.0,0.0,41.24088074999243,0.0,157.5616903191657,0.0,0.0,0.0,1,80,69.78571428571429,5.116676299557346,27.95847346783378,15.0,15.0,179.81727545211115,15.0,1280.0,15.0,35.0,20.0
3217c1b7bdeaa18ee2fc1a370f0c66159e70223458409a707ce017d50731e444107876339712c16a7d0f2af4e151f7a4f13fc2d796895612df7b5cc778b17878.wav,803,52.81934402794127,2.3510441420580035,10.161061528024543,0.0,0.0,82.24517791244249,0.0,599.5650029309567,0.0,127.81965865557194,127.81965865557194,1,121,383.5588842975207,1.701651783214472,1.7930879656698997,130.0,45.0,544.2780804820056,25.0,2390.0,45.0,485.0,440.0
4f01544d0b559ca5b07b0ca01f67c83c57d4f8775c8cf1504d6fc699d8eaae8713a8c392e3c9ba6ec4adedaee134c5e896b0ea9bfd7c696861937d41efdbcf69.wav,599,59.65454707256272,2.4744873176378697,9.8611411807536,0.0,0.0,87.83354216787528,0.0,547.943221345796,0.0,119.66163835021118,119.66163835021118,1,91,359.72527472527474,1.8198390619521028,2.359790578544524,140.0,35.0,522.8400689626194,0.0,2385.0000000000005,40.0,305.0,265.0
5747348156b674c41eaf70c117a079bba90e8c02619c742b11f8e20ae21ad07a2cd9cba50b43a95e95abd87337a9889bc9b160c7754dd3ce0f6752edd34feb6a.wav,455,42.14945885264992,0.7668720585624785,-1.3322307165920992,0.0,0.0,60.28903205454018,0.0,163.13320566555836,0.0,118.21018256604373,118.21018256604373,1,69,112.7536231884058,4.4452551275197845,19.5594415402016,40.0,40.0,318.45134344047983,0.0,1895.0,15.0,45.0,30.0
6036f30450aeffc09ce57d69a3b1e7d2d6cce49265261012ad650d445086898dff4d4bba8535e9bb45c510ffbd088e9a47607f0deb806d42d0b3f6f1d748d2b2.wav,467,0.0,0.0,-3.0,0.0,0.0,0.0,0.0,0.0,0.0,0.0,0.0,1,71,109.52213279678068,5.362495893009895,27.981075302313897,50.0,0.0,259.71871699252733,0.0,1615.0,35.0,100.0,65.0
35a874f4f005b8a1f09742b86d45f146debb350695b297d6f8e2a0fbfbb0cf0fae35b7fa0491b68001407a503ac3c2fd4cbd134014c55ba19cecdfb809a37446.wav,817,46.742050219512,2.748105284382176,14.619567040850637,0.0,0.0,76.72618594097916,0.0,592.4681086881108,0.0,126.25648102871789,126.25648102871789,1,124,128.9784946236559,1.32564036854301,2.154638311589093,45.0,230.0,112.75860553300656,25.0,555.0,40.0,230.0,190.0
53a4886e9a89085daa422ce6b330128366344a95b5a8a74395bd4f24b003374e168558262f8eb2df1e0f9d6b71d9b0b3cdfc36e631118df206b0e97b8b40beab.wav,657,49.97349422437272,1.7607128216555192,8.59650062974583,0.0,0.0,70.22070016217607,0.0,593.4770435812532,0.0,127.11337245110506,127.11337245110506,1,99,112.82828282828282,0.4416479159896856,-1.7527987153616298,45.0,230.0,91.7455903109014,15.0,230.0,40.0,230.0,190.0
0ea7bccdd3253632b34b2ff9873c41ab087e18694f61b96925cdd14de8aa52c1682484af4804200dba6dc0b2f4511196071601786992c9d7ce141bfc811e0136.wav,462,71.30088135592928,2.277494844861523,5.951820509003031,0.0,0.0,110.2187199577942,0.0,505.0351217451968,0.0,126.60267160115856,126.60267160115856,1,70,282.7244897959184,1.3529883954015265,1.9857518622991317,330.0,330.0,196.03293339282035,40.0,870.0,90.0,330.0,240.0
2f4c6af0632cf00b974a2c42a7dd845a9bc53e18d6c9482568a28eae86788bdf8a25309a7e5f6a3f7334c099234751d7261394470a62f7926d294806eee3b4fd.wav,539,69.84529078576477,0.1373064746936934,-1.9072729977043532,0.0,0.0,73.39865277188974,0.0,199.24207699645888,0.0,143.82430742288653,143.82430742288653,1,82,295.5487804878049,2.841198698145517,6.613538102195035,135.0,35.0,596.4059051669635,0.0,2680.0,41.25,175.00000000000003,133.75000000000003
5a285958bc3f150e7989adb7cbe6d37b50192c38d337c7b16296c07e3e9e594ea71cc5f75745b5e991536d00ddd1ea7bb2c9fe7c48a5d4fd8403364e7408883f.wav,438,61.263453133540686,1.5222636955439215,3.870996478055957,0.0,0.0,87.08894423137066,0.0,520.878738375498,0.0,145.12620707754655,145.12620707754655,1,67,297.4502487562189,3.629143862070789,12.94579252395758,110.0,40.0,633.0563167508981,20.0,3510.0000000000005,45.0,175.00000000000003,130.00000000000003
052a0ec784c3aa926d8286e53b82c48854a6460fbbb6bc4bf1700d1dad4819225b7febfdd91dfd404395fca8aecb94bd22eeb6c3ed4f76cbf5d3654ae383eda6.wav,839,67.33680630578795,1.4511050891764856,5.717424680115776,0.0,0.0,81.20077221985454,0.0,587.6269147510287,0.0,141.65784014951146,141.65784014951146,1,127,321.1198600174978,3.815296565663299,14.097925022450912,100.0,100.0,729.1443894751445,35.0,3980.0,55.0,197.5,142.5
25d6a53bcc8d6851935d5fdef9c0c2fe38ed44314e3e05fdae28b792cec42daa676f818e3bcf66363de09978193400cc34d6cb2c9a413be70c9943ed8caf8b10.wav,395,23.372903783884183,1.5141045354642355,0.3870921423894429,0.0,0.0,46.33686998514598,0.0,145.4628346358148,0.0,0.0,0.0,1,60,456.7763157894736,2.5500866362908523,7.684410837340485,410.00000000000006,410.00000000000006,442.0612854719486,35.0,2315.0,148.75,499.14473684210526,350.39473684210526
61bab7049fcdba07b5f70d57af5552bd1829758cd7366f493feccf4967d496cd17b755e56efb4d25597971290693048630b23d8069c71f7977aad99c767de2eb.wav,671,77.1399598736517,2.2968393562381704,15.379867633477325,107.86954277558446,0.0,70.01451861364,0.0,575.6226384652238,0.0,112.98809780376828,112.98809780376828,1,102,147.2303921568627,4.118458775229437,17.445486779774843,40.0,40.0,305.2634483521507,30.0,1830.0,35.0,110.0,75.0
60410af7bb16846c921b525513132563baa4f74a5f491fdda084473517eb8e241eecc4a758c4c0a7c21b1128e5490a874a4c34df994bcac6bfe879fbb0870fb1.wav,525,41.44636852457951,2.3247632798735145,7.584994367907013,0.0,0.0,80.895554828086,0.0,498.0000008329884,0.0,0.0,0.0,1,80,178.75,3.4077564223632093,11.378376433881414,85.0,85.0,310.9968850326318,0.0,1670.0,55.0,116.25,61.25
1e06d8e22fdd4757c28c43de3b8f09607dcfb697121e9ae3f73186904d82b51b0fcccb525fc8f925a97a31de95419bc5cf4395d6b6b04570788271f3ffd4cbc3.wav,383,38.22151888996888,1.2284147267573755,-0.471054222116249,0.0,0.0,68.09224840115826,0.0,184.03851204501788,0.0,0.0,0.0,1,58,97.29885057471265,3.3979786164774284,13.097264843468778,70.0,50.0,86.33880712366286,45.0,550.0,50.0,85.0,35.0
4a11ecddc917b0f6b64871251045588991c5c05f30be965ad9631815c32d2cc3513c3c6e09ae2735ba938f42a0740994dae4871e46a9634ebf67d5f4e51a07b6.wav,309,27.155671493112735,1.2976303950719772,-0.2428965199983999,0.0,0.0,49.25013987070797,0.0,130.5123320774253,0.0,0.0,0.0,1,47,236.48936170212767,2.850699809927986,9.888578697805974,250.0,295.0,212.84775023580508,35.0,1165.0,72.5,295.0,222.5
04c34280fbc768609f91657f53abed557e0171c51ce16e6cf74a26565a72068b351540322c02616bb7292ed8cab1fa89ff06c4b753f05333323789c73249fb26.wav,837,71.32415521230004,2.0772861570177743,5.261752547497739,0.0,0.0,109.10405090785024,0.0,595.2732831577371,0.0,131.6030916854774,131.6030916854774,1,126,253.73015873015876,2.940403593226737,7.454220123417233,130.0,85.0,392.755799017506,55.0,1975.0,90.0,160.0,70.0
1d3b0e9e6be69e388f4345e53c80d2858aee226a803732f6a97ba7a78189eae168c04f94c7a33706084a82c59eca9d4c0d52342925bc1f8acd450fb08b5b0f7a.wav,695,28.333054770784443,3.7549862076015215,21.667304589166964,0.0,0.0,66.94176979657041,0.0,542.048025765084,0.0,0.0,0.0,1,105,1125.9949874686715,0.4172415056704892,-1.8075526429128728,100.0,2665.0,1302.7310151566762,0.0,3000.0,45.0,2665.0,2620.0
3c30810a5b93bb2b45dda36b2b62193031a68a768f72a5dbde6861beb9c6f75832d3264b23dfa99fae17fbbf1471d265c7808d5f8ccd173d92ae64cf93e67d1a.wav,750,22.388998875079345,1.5483049696162017,0.4590058014123754,0.0,0.0,45.197288747127,0.0,142.79513284351134,0.0,0.0,0.0,1,114,251.71052631578948,1.650700631066194,1.347589433381506,92.5,40.0,347.4852192662228,5.0,1300.0,35.0,253.75,218.75
22774b75638f527cc83a429a1093bc30efda70cca51e5d1fae79223bc71519a770807c43428513a7583c1590dabc2cef7eb8a92e6ce132c2a971e34464388ab9.wav,606,56.04497312939856,1.161061346942409,3.435019136199469,0.0,0.0,69.71500087330732,0.0,561.2747963837703,0.0,120.90999843589128,120.90999843589128,1,92,156.71442687747034,5.448831054649816,32.94878905544581,45.0,40.0,423.88184959788856,15.0,3285.0,40.0,76.25,36.25
20ca612c562c03a4ab10462802f1753418686690cb32a4778692b63657d6f80fe4f19556029710639987b0fb59bd334c037e171420eab9fd643cb3389a8a392e.wav,625,95.17155467735896,0.7987934852629731,-0.550328450156234,0.0,0.0,119.68999426086243,0.0,542.6423727505083,0.0,193.90350632078747,193.90350632078747,1,95,159.51315789473685,6.032474813238636,44.740786780846975,115.0,115.0,170.55340407819273,65.0,1555.0,90.0,167.5,77.5
44b4a7191f5bb06de195fc6d435f2557d7d267d2457eec0bc63ee38673ee589bb727b18c260366d8a409c087c476de7445ea9d4d18dc01e8744f1ce25b0f3beb.wav,438,38.46760877581382,1.092011848829879,-0.3010132426120999,0.0,0.0,60.242723783191295,0.0,238.10477877462085,0.0,109.64293892960065,109.64293892960065,1,67,199.4776119402985,3.133664054341504,8.039653728518326,50.0,40.0,477.1136276379865,15.0,1980.0,35.0,82.5,47.5
082a722319a15cfc3af9c324510e54d6e35cde1c4cfa807beeb5165d6e294b93629281703268690f51277e14bd28091c4c0c99ee8d14b1d6e2884c8ea9bb9197.wav,361,20.81405638520914,1.980705689235363,2.0019119353214334,0.0,0.0,49.38074092683008,0.0,160.03869543119689,0.0,0.0,0.0,1,55,148.52020202020202,2.8446356898499494,6.922007545696777,45.0,20.0,282.06412126183994,0.0,1215.0,20.0,112.5,92.5
339a6f2720289e76beac8fd8bd017feccca3c0a1869699186ff0e90dc6d3c4b89f2a43b439fe9871b7a6ae95436828671ac304f50039dca414f2fe29aacbc6d2.wav,462,77.04522479388342,-0.5462190806031233,-1.6312626579307998,112.3692272323888,0.0,57.88545655992267,0.0,148.97194146677438,0.0,121.92381645071436,121.92381645071436,1,70,223.39455782312925,6.484843894672683,44.27551021910651,130.0,40.0,550.5939465853052,20.0,4375.0,45.0,202.50000000000003,157.50000000000003
2459b92008ebfcddedcf257ab33435a4a3cb46ecea48ffd68d1d94d2becdf637c924b768b72a7c1fad8ae96adb453279f717baa9213669483d661c44e81a24f1.wav,311,68.19408261971016,0.4584844307749804,0.1282415272989556,91.31217664122096,0.0,69.57896825930189,0.0,419.6087806583113,0.0,129.08515959802634,129.08515959802634,1,48,208.54166666666663,4.1016379041991495,16.269782740787143,140.0,85.0,302.7064693679708,0.0,1685.0,85.0,192.5,107.5
38cf9abbfa4362f11073fa5117fcc82a161f7def25af53d007086762c8c718be06e7fcd7f51da158180af2c24c98ec3f21552fa28bbbb91e40f1870fdc0bf478.wav,719,74.35521533606877,0.4434174923789651,-1.7103964003528789,0.0,0.0,90.91898510240604,0.0,278.0698558752134,0.0,175.41446861022703,175.41446861022703,1,109,275.05606523955146,3.241129402879242,8.93877365627066,60.0,35.0,676.8702206810206,25.0,2880.0,45.0,115.0,70.0
45833cca80428803ddf4b9923599b0a0da38af84c64cdad674a9b1901d3ebcdd90580aeb383443f4324dc8290cf8f36ef3da2eeb29be1e12292f74897ab547de.wav,342,41.67065278710996,0.7780604543254653,-1.3402445257155922,0.0,0.0,60.14555723314387,0.0,150.39664187348842,0.0,121.17514664407057,121.17514664407057,1,52,300.7692307692308,2.178328736213089,2.896892929884035,40.0,15.0,643.5563634208028,0.0,2275.0,18.75,98.75,80.0
5cf5b669411ba05e639a3fd9d37237d574e194e0cf0b17f41642cda7319241b9ee638a0a378b52bceb560900aefabcb95542b7441e6c362ebd0bc042bce67e7f.wav,294,55.970746456808,0.2960174235709314,-1.8409903185445933,0.0,0.0,63.58819199138499,0.0,145.70305934925204,0.0,125.1702207655258,125.1702207655258,1,45,214.09027777777777,3.984672250156429,14.81581042025088,85.0,40.0,460.3800787791848,30.0,2290.0,45.0,145.0,100.0
614140d6f6ea5fc3901eef6fb383a9a59451c995b53561a2847e3c3786795816d0c9107a92fe2dd8c25821adb0455c816d90c409868af9edc04d0e9d00432fbb.wav,359,41.70145774444138,1.4299829387901228,2.4420366209602102,0.0,0.0,65.90742891920013,0.0,388.8727727430257,0.0,120.9083310056165,120.9083310056165,1,55,316.5656565656565,2.58765056606043,5.424277920009834,125.0,40.0,556.6599032927415,15.0,2260.0000000000005,50.0,212.5,162.5
31768a1e00fc46eea4e052f4e141a0e0a177ba20490ff66087e86a203393649b1441d13b5958b999e3860f64f6a56dc1d0b81db39139abb58eae46e5581e8a2d.wav,452,69.42211951895636,0.6159328894178986,1.1960263564045812,107.32833178948336,0.0,69.4354458144068,0.0,410.401563111325,0.0,125.20082968380538,125.20082968380538,1,69,354.92753623188406,3.2103028504183717,9.250498580564642,120.0,45.0,699.8496177770089,40.0,3350.0,85.0,185.0,100.0
12c412f70fa44f22e46c6ffe277d9b92b8fa50a46140d6ab16a87967fa3e64d0f2d56f69b3a96aa642caebf81f6fbc2513777e68be77c45f99ccd532cc8c5d69.wav,313,57.43526481084837,0.3801914684690177,-1.5987608564854392,0.0,0.0,65.53196344855371,0.0,194.2212541642537,0.0,119.21743074272314,119.21743074272314,1,48,333.9743589743589,3.345844508917132,10.168245817997075,152.5,190.0,645.1969378360618,35.0,3060.0,80.0,201.25,121.25
52a1fe9c82c8c57cf5926c26104ed78c74d7581b955fb6b388b966156f8de93ffd0ece24906dc5eec9b2e762518945d85cf0b2d60e8b9e1065da87d2109c3617.wav,652,48.726048378623794,0.8850222799913476,-1.0065062529510949,0.0,0.0,71.56672942719337,0.0,213.14076853527587,0.0,127.2048593061394,127.2048593061394,1,99,268.0808080808081,3.001007975652696,7.791650461742888,65.0,65.0,606.2501513363164,0.0,2675.0000000000005,55.0,77.5,22.5
1f3dbd9d38d82b4b5d56194f522ea8aba8f2f9f119869e2c43fd144d5e4d3d9b32a24a6c6cc3ad7d15c24d0b0ae7b584882a0dd906cbec5a1659c737202bf3bb.wav,426,23.306609711572875,1.4408459086205234,0.3570759522300211,0.0,0.0,43.886829291497335,0.0,179.5277575495495,0.0,0.0,0.0,1,65,94.33566433566432,4.434460637904066,22.27751059937488,35.0,0.0,215.18164648707668,0.0,1431.818181818182,0.0,70.0,70.0
5564e4ccd3accff43e2dd412cc804469757639bee12b31ce78949f7c09fef8cd6ce0ce48a638bfa9617f0de8c0b150da2bf356fe58dc41edf9a6c514d5c34e50.wav,325,38.84465816370343,4.088250087393212,20.135762254004085,0.0,0.0,89.75991975750959,0.0,585.135264243787,0.0,94.76794609614024,94.76794609614024,1,50,79.175,6.178866256543247,38.75938563765636,15.0,15.0,219.08811155560224,15.0,1560.0,15.0,81.25,66.25
2d0cbc5046de6eb5a03c5e66eaa988ac694a1d99b479c2f3ae2e6c570159ac69ccc83fd6e6469421519e5f375238f863ec0f55e9915b847ecf4dc0b4e9124c36.wav,491,60.09996682497388,1.5084214968479213,3.517461472928733,0.0,0.0,85.4764420012735,0.0,497.8945677258861,0.0,141.31909221674573,141.31909221674573,1,75,157.26666666666668,6.7334497398011095,48.57349216602845,95.0,0.0,432.0727510758138,0.0,3555.0,0.0,137.5,137.5
37b56ffe884a962a3c62a8f1d892acbc7f0463168fa78a1f56c147fabba09f4407a6f2825a7d4c9aaeda5c7185a519202a6278ec35015fbf08607b24df3656ac.wav,527,100.71213812619794,0.3289053689967369,1.0416164324286925,128.2696691709608,0.0,80.5183647883333,0.0,412.1577881217992,0.0,157.34003168571752,157.34003168571752,1,80,201.7366071428572,2.151959219226455,3.6337293743699455,130.0,110.0,202.9057627203357,0.0,890.0,95.0,171.25,76.25
18f6d7c6b3b0824f74ed932003e3ee5ffc2db7900fc8b83cfab13c2f5b6e4dd50dd8542aa3344fcec764c1d917a07310841d77e34e538d1e3e2fea3797dcf6bb.wav,376,29.835829958481824,2.148807524245264,3.142966776970354,0.0,0.0,69.43595372635332,0.0,261.18404417639107,0.0,0.0,0.0,1,57,574.1905901116428,2.022659106038003,2.697714935737377,165.0,55.0,875.8261567369433,0.0,3125.0,80.0,475.00000000000006,395.00000000000006
428f05ef2cf7a442c58db6af01dc893a1fd0af1ab4c7db8f3ec77024f828a0f4d5996987220d8e7212a0cec5d1c3910d7671804ed98393a52815ca03bc18dbfb.wav,594,66.58955043064887,0.078117919828168,-1.6506013817476963,92.1780424878956,0.0,64.62378768822259,0.0,235.8960786672216,0.0,121.98272109609336,121.98272109609336,1,90,380.83680555555554,1.957654758769088,2.6514957871529514,80.0,75.0,632.6576951044418,15.0,2595.0,50.0,235.00000000000003,185.00000000000003
1bc8001872a9743be2f51c750688cb41bb798028c86b3ae292a0ad3695847312d6597e82595ee356770b136b42ef74b1e8ac05a83d21a7a1e322d3d95ed8b8a9.wav,272,113.77736649548054,1.4584530793439323,1.3435077656541503,0.0,0.0,165.30708425832725,0.0,585.0021890068718,0.0,215.22818441582172,215.22818441582172,1,42,95.47619047619048,5.038034769592343,26.338282249546463,45.0,15.0,223.1026069830436,0.0,1415.0,15.0,75.0,60.0
30983db5ed69b4ad580ac48ee0ceb1a6cc55304af349bba81bfca6b8b47af2a27905174061d40022c7d83d1237fd8861008cc47188e04466bd4e1cee790f623f.wav,366,36.16513604615025,1.02856765418144,-0.4601024251214003,0.0,0.0,54.80488998612282,0.0,199.33405012506643,0.0,103.85298812322776,103.85298812322776,1,56,464.3181818181818,1.4482264021697415,2.5320836300766025,305.9090909090909,70.0,449.98502861098166,0.0,2250.0,130.0,741.25,611.25
289c871a4660c7be2b811d3c9731b4f0b5cac4b8f2ed947ac738784a27b3e875885e426feee0d6aca5712714d3e6ab128197cec36131264d3c896e162d2e9bc3.wav,371,67.40172325329313,0.09287586395278,-1.7111242197848788,94.70436512406964,0.0,66.3731876012274,0.0,238.90610373487655,0.0,134.83981950493714,134.83981950493714,1,57,362.7631578947368,2.245095334587156,3.399965572892283,130.0,50.0,665.3322748905845,10.0,2605.0,50.0,155.0,105.0
398529da4b71f149968786bdc6a421624ac0cc481887285369931faab10a6a1665db8dddabceb5301400c976cfc0068a7ac63f7d584d4865b0384fba058ac699.wav,429,43.85831949993757,3.4930972247383605,14.277982622439072,0.0,0.0,92.5393072250873,0.0,542.0372293924808,0.0,94.7920023701762,94.7920023701762,1,65,153.3846153846154,3.849426582141963,16.25155473049371,70.0,0.0,257.72989392938507,0.0,1550.0,30.0,170.0,140.0
5b083dd4432129837b4e6cd2769fbb0bb5956e591cdfdbced4af98f2183e77dfaa2e19b39f32a4af41dab34b42fb3ce53653e17d8fe959ca8d31814556656ffc.wav,272,46.79334231943673,0.5798432213488908,-1.5797177204041266,0.0,0.0,61.04648198998167,0.0,155.76381019368716,0.0,116.92183717068698,116.92183717068698,1,42,95.5952380952381,1.552777864095765,1.139865892797154,47.5,40.0,84.27705430356573,40.0,335.0,40.0,92.5,52.5
63e1044dd738227d569caede004cf3d118eeed51df0d38b2f9bfe8b6888c1f64f9b19f25940a3f4dc4ff74d5245683a294de9084ffdb4815cbe5bc059acdefb9.wav,330,121.63703787080097,-0.3996707300916286,-0.9669664961009476,149.6696220879036,0.0,83.0570816988151,0.0,298.7082203169736,0.0,172.65462098161797,172.65462098161797,1,51,128.4313725490196,0.1321855370281827,-0.6788881909604436,120.0,195.0,66.01760160476539,0.0,280.0,85.0,180.0,95.0
1353fd2f336a0564a2857beabd90c1b6299f63f1c62663d842045c504c59e637b333289bc5d515d4ea2b11c394b15b5b816cea5634d1ddad26453df881b53ca3.wav,510,60.452262402594506,0.4672762724240659,-1.7127785008950056,0.0,0.0,75.12296313639038,0.0,222.49825957598483,0.0,146.57014139216125,146.57014139216125,1,78,278.78205128205127,3.059444324864147,8.543602540425919,50.0,40.0,567.1460185388859,0.0,2680.0,40.0,155.0,115.0
45279e7254477e53e8e2ed5880a598b28138695692d97431426f79f446013307f7b7b4867131e58bb6a697cb7a330f45425eb0f670e29ca1e6b693d038591685.wav,551,31.66621546117301,1.3350293135727862,-0.098171652230818,0.0,0.0,57.93688860473146,0.0,171.15434692543863,0.0,0.0,0.0,1,84,66.29464285714286,5.6565811044597805,36.22936053733141,45.0,40.0,104.01526731396818,15.0,843.75,35.0,55.0,20.0
1f3528b561c8c204344a4344c01b24f0b450e32a92f4d61b8e6a5701ff6bad3f38be10b02d8a1d80c5d62c296c7ed2ccc7ebfa9e83d2375d74093d366b264ad6.wav,489,67.91354472472032,1.4627995891819263,1.167495045507586,0.0,0.0,119.14677457950106,0.0,532.9576317594148,0.0,194.5093216812513,194.5093216812513,1,74,129.71283783783784,1.999703879630396,7.869176646051169,130.0,95.0,62.4183748396444,40.0,450.0,91.25,160.0,68.75
0428eee0ad0c2f8a365f9ffa581c7934d9b7df0e7b884e551515f59f272fe34caaf419e0dc9976f5e4d8322c3f219066722848202d4a43af20c6bc116da845af.wav,407,34.99450064383021,0.6965617068160331,-1.4186700941434347,0.0,0.0,48.26094292613784,0.0,132.1897671349147,0.0,92.68552021693232,92.68552021693232,1,62,386.1290322580645,1.5892475836978728,0.6870444802176574,35.0,30.0,697.9881338272018,0.0,2125.0,30.0,167.5,137.5
2b88773437b09a8ad5e36e139e53ed0ec17eeaf4d76b4be5f0912d19c1e21f34844265876628727ffdc07c6605c8b51543812847de61f8442b7b004663d5b9b5.wav,364,30.831159264005876,0.9508083906644496,-0.9996217192420164,0.0,0.0,47.89076887926584,0.0,134.70292754784322,0.0,92.76446925814903,92.76446925814903,1,56,581.6071428571429,1.073921535676348,-0.6499027889827929,65.0,30.0,811.0999515334414,0.0,2245.0,35.0,1340.0,1305.0
1c6413c12702128507506f72900d6661563cb0fd55763d91a252e0b2a6cbf306b15f6af958bd11dda1cf7c72726206dd10dbb8448f5eddcc4b27d64bd4d54a21.wav,637,16.684663370394016,2.3119652607327623,3.5464185861628392,0.0,0.0,43.85348225687287,0.0,165.12317260100937,0.0,0.0,0.0,1,97,1123.4536082474226,-0.1079831862454782,-1.8387685592362024,1480.0,2145.0,950.4587500132088,0.0,2165.0,45.0,2140.0,2095.0
11c4391f3af3f455b6e61ddba2081f187b7131fe1d311386694983b1414ef013d847bffb35aaa8e469b0c14bfeb0e84745255b4eaede296f76876e75cbeddcdb.wav,899,24.06084351919678,5.1274997442742825,40.63832599012555,0.0,0.0,58.690151119429984,0.0,590.8612557620299,0.0,0.0,0.0,1,136,150.93954248366012,3.133562725764687,9.955955014523374,35.0,15.0,292.2638340075304,15.0,1575.0,15.0,120.0,105.0
1cba7974c70014e72d7dabc94c45bb413247689753d19c38b94cfc387652de329ccd60878d2f3d12e3d3d45e872e96102985895f460399e5a9d0ff6ac2c2bdf9.wav,462,46.13171815144426,4.279618853772859,23.01767307281678,0.0,0.0,89.05542296980721,0.0,595.0225341249643,0.0,94.87431100638058,94.87431100638058,1,70,210.18367346938777,2.565917970228984,5.3474504606345015,47.5,15.0,385.86806620240753,15.0,1555.0,30.0,135.0,105.0
388459f3d7ea5e2622c513b7d1b979ac177addfc40a737d05b37bf5239f73fcc6fe64c8f9b6031322bf2f14201e0ded5cc894877df13ca5f63426df562271d3d.wav,534,42.84397304200363,0.4716323256547942,-1.644370360224379,0.0,0.0,52.31874498088265,0.0,132.55601998919934,0.0,97.74926903389274,97.74926903389274,1,81,286.2345679012346,2.3305331319375373,3.7662569364699054,65.0,0.0,591.4856430764436,0.0,2150.0,5.0,125.0,120.0
5385a899ebc12afd4368f8c5dc1e76377c411ffdd1b9a303dffeeb91864f36475ebdeaeeacad2a4cda3df56e6e21dfe00df3fd1d493619c3420d0362918331d1.wav,606,67.83035328577436,0.2070471155573406,-1.911894650721571,0.0,0.0,74.36009919325942,0.0,176.36594871613983,0.0,147.44081929132486,147.44081929132486,1,92,267.4604743083004,3.951574959747096,16.359852926970788,100.0,75.0,523.8991081942373,40.0,3045.0,55.0,196.25,141.25
3bbdda2873c740ba7ec1780208993185db705c44a334d1da1465183ffc88b03b5ac1cc0608de8d2b158c9eab7a90255aef46794f3e5ff444b434e3e95026a950.wav,498,64.81518436891056,-0.114569138204293,-1.896619350999424,100.91535313537344,0.0,59.801368028626136,0.0,144.21483541463743,0.0,120.18972529203704,120.18972529203704,1,76,331.140350877193,2.401752354165838,4.907515083283919,125.0,70.0,496.5622469509265,45.0,2310.0,70.0,285.0,215.0
309fb4fba58d1cef42b99b57eda974319f6f00abd99196c41dd8fc00bb9b26fea7c61910b42f55029717375e73602ce06fd5f618157e8d4f7f4fb789bfb9475e.wav,467,25.29942985573359,2.07367790344591,4.756183118297098,0.0,0.0,51.19886863536665,0.0,309.2084432248225,0.0,0.0,0.0,1,71,116.38832997987927,4.357937240906656,19.111012087908577,55.0,70.0,215.94980571323012,25.0,1270.0,40.0,82.5,42.5
43b8956fde99dbe75489e1d46ccd40670d450421ec312c764336db4cd37f95b3d04efc6e44c29218317d8bf9fd4c8ac0569dbcb4cbadc731887de7e8a3710955.wav,294,63.04009151924907,1.4792864533256338,6.195084755277845,99.80440166348826,0.0,68.25338343666215,0.0,437.2330607233299,0.0,109.69109885605064,109.69109885605064,1,45,430.30555555555554,3.618770780459458,12.433741959228852,105.0,105.0,1022.6877427327474,40.0,4870.0,50.0,175.00000000000003,125.00000000000004
1efd0ded8392f4350d72c70bda8648ab1af01a5133b26d9bfd6508c9b1e9c0c431678992bb8de116f114802edb46600d6677ca8bd56a76d06fb9af9ddd0e7a48.wav,433,46.86895816407192,1.1786674312527494,0.1256634617325689,0.0,0.0,71.42366572000242,0.0,259.1674967671522,0.0,103.1002705832561,103.1002705832561,1,66,79.84848484848484,5.520580878779625,34.47838775256836,5.0,0.0,211.45593727014435,0.0,1565.0,0.0,72.5,72.5
364a19c9075928d496f49382e4ad292342305ea9731122cb8ae03e928da18e38648d190914bd4fcc304e4e4b25c5d1dc346edf62eac3262392fae3a786c170bb.wav,467,53.754818945858666,0.9832232563254334,0.8891017634403906,0.0,0.0,65.46686893966256,0.0,309.0479451634079,0.0,108.7730489471673,108.7730489471673,1,71,197.7364185110664,3.4478282706243206,10.727123919337158,89.28571428571428,35.0,381.4611246539292,30.0,1840.0,37.5,152.5,115.0
33d64aba34d645b582da23cab726843d8c942d9b03a234cbd49a0aa8955e05d412faa66cdf4850ea51230991097230475d1dbc00f8af5dabe8eda012a5007a9b.wav,474,45.4437339552727,0.3239966174014002,-1.8508317702100576,0.0,0.0,52.811078675536336,0.0,127.5745707557636,0.0,104.61389486513016,104.61389486513016,1,72,155.84635416666666,6.02056525497311,38.27452360876752,75.0,70.0,359.46947896632685,40.0,2770.0,70.0,85.0,15.0
422b2353833017018e1f01e3ec5b5aa817bd88717d270c098060f174a0dba0d1fe2acd486d18caa67b40b51d31ad2ffdbd080741c6ea4120f47b057bab1186fa.wav,287,54.26572366719287,3.1760628607192025,11.766485808378926,0.0,0.0,110.13262119145227,0.0,590.7273280287861,0.0,122.48392910929934,122.48392910929934,1,44,175.7224025974026,2.794389155573966,6.9067440252753975,50.0,50.0,335.0082940766757,26.785714285714285,1570.0,45.0,55.0,10.0
5c8f6002c216a2b2421b055f521e0b95684ec4314edba89b9bd339ab2266f43b31eea62f17a009646d72cdd97039a9eee212adeb3aa899fe8d27e18444995e84.wav,767,54.54706222390369,0.4815257529260907,-1.630462803102174,0.0,0.0,67.2765365791364,0.0,211.59816892085016,0.0,128.85615867747288,128.85615867747288,1,116,181.72413793103448,2.505708991664678,8.795268296918914,125.0,400.0,191.9131262786627,0.0,1215.0,60.0,185.0,125.0
62e1bd04769bb2432c0eeff8e854b9127454b728af2d07000044d53b6dbd65c9afc7a0b2295a292d4986d24ee0d076b9466df2276b82e7710cf23e700f1f7906.wav,642,10.854586799282451,3.2076582107596514,8.51955032233079,0.0,0.0,37.28124640855679,0.0,160.12762086174,0.0,0.0,0.0,1,97,42.37113402061856,1.6635497378095232,3.6428504047783914,0.0,0.0,54.64077998032538,0.0,265.0,0.0,70.0,70.0
09e66aef791d36a197155e3932be14966c230e25bc91b0bce2da361d22c973c6123355ca52b91c8cc0dac685ab00299ea61598e7711c4427d7e0ae3fbaef8aaf.wav,762,23.434457183787305,1.693770253520325,0.9849571719157484,0.0,0.0,49.66764156112088,0.0,177.9088002205087,0.0,0.0,0.0,1,115,109.89855072463769,6.425447372518499,43.13259466270146,50.0,45.0,211.37407449798636,0.0,1665.0,40.0,117.5,77.5
2bbe473d254e2a3fb7d1d1b4d1a9574b221ece7ac3be126fc4c2ea56419d5fa22a07804f25c22e63d1bc08ef8144436d7148ec75de684c745264f944eb4eae6a.wav,762,84.46106976604598,2.350260530814112,5.050910551990027,0.0,0.0,143.64840016775074,0.0,596.6328594235692,0.0,126.47410667841352,126.47410667841352,1,115,54.93788819875777,3.1128003500619417,14.209339963420582,20.0,15.0,67.01259765933771,0.0,485.0,15.0,80.0,65.0
2e3965c4356bfa287833abfbe5d2540d02d82f76520e228f7dd7eca0728763d2e6773f60f5a2179275c590cd1a8d4748ad3cc29576a8c3b0d500e7b26dbffb04.wav,462,64.2356512848304,2.5143926804149554,8.249027502104296,0.0,0.0,107.19913099165797,0.0,564.1830157087321,0.0,133.54845396119038,133.54845396119038,1,70,205.99659863945575,3.1706650278949984,11.64924159839516,45.0,30.0,386.5250660029937,15.0,2300.0000000000005,30.0,133.75,103.75
0b942e1bcf64c5a8887e7ff86df097149415dad9e766b7ab716c117617e54b2929cca89baa554d54771cd6b2bc1a2c68120bc696a17be5eda35e905a78a9fbfa.wav,354,51.85775497357741,0.8866752459753607,-0.9202402691313942,0.0,0.0,74.81765743140866,0.0,227.0607288410743,0.0,135.6884267227885,135.6884267227885,1,54,1007.0717592592592,1.6337762395989237,0.923872521743836,112.5,50.0,1698.310791953548,0.0,5475.000000000001,50.0,906.25,856.25
0de141d1bc82810e246c64408740d60d99fc6a9869c901123fcbdbf2ebd1edd95abc26005cd4d29b914ce90aaffe09c672fdf875ee8e3819b8b0a119b4fb715b.wav,347,99.71844672876574,0.5393302904011466,2.6002357564589085,137.14048013885284,0.0,81.97781508437103,0.0,497.6857613513589,0.0,153.8184852775635,153.8184852775635,1,53,213.7466307277628,2.58083518155644,6.021805415182639,95.0,55.0,316.562170407585,35.0,1450.0,55.0,195.0,140.0
5245239b954b9383f1422447bd73ec6804e8d695c26a8532b44695a8b4a33a9a7499c24c066e9d5b7d2a0f142e0a5b3f00452ff250310fb49d5bacfffcf11fea.wav,299,44.0326639490315,2.007797472611474,4.859892424984885,0.0,0.0,67.96856102232277,0.0,314.2210964190072,0.0,91.54656437657538,91.54656437657538,1,46,319.4685990338164,3.4598623599896743,11.356435000131466,90.0,55.0,697.9802830527167,35.0,3400.0,55.0,195.0,140.0
4c369806de4ed68f686afac8bcdf61211ce5046b5a14a12367db8d6f4bf9cf44eb19ea339f69fd931b19a580231cb77c0bd875d4d65bcfd2955d2c4f11f05523.wav,438,31.516528260828927,0.7459265495331303,-1.3385138490252606,0.0,0.0,44.37961349601082,0.0,124.43419286780242,0.0,84.55698884239864,84.55698884239864,1,67,212.45024875621888,2.847815935517179,6.748684971029762,95.0,45.0,366.9122560787531,45.0,1680.0,62.5,130.0,67.5
5e88be9cc4f91aa8ebcf8b7af7fe193ec904358ed2c564659ddb3e2bb968c821865581a86e49b3f46c4826b172b6bef4555c0e5a199ff891fdf4cf92cc7d09c2.wav,585,32.675408990974915,0.7799905952067328,-1.3150355520524857,0.0,0.0,47.08673783133453,0.0,137.33853823693846,0.0,93.78972814328124,93.78972814328124,1,89,96.68539325842696,9.201219901236309,83.10343721062749,55.0,55.0,387.7955153128456,30.0,3725.0,40.0,60.0,20.0
21647c6856d4891ff8156f86f3d5a766a67a611619a69a599dc291d8e56d794c5c0b5633fb14abc582813f022e33d5b0ea04363bd10f0951caba9fe1c1fa1db4.wav,738,45.02201411945781,0.2189631678984843,-1.8940664473005748,0.0,0.0,49.62779592259652,0.0,142.15201063696668,0.0,97.4401429463292,97.4401429463292,1,112,223.75,2.705052316615102,6.4736539529053125,65.0,35.0,408.3905147037576,0.0,1980.0,35.0,136.25,101.25
5e0e03d8b72329fd870d8a9afa34a9de1e60cfd3e0bd2ff2e279cbc91ee0a1c13af2af6ae86ebab85434b6cf145ad9856e9e567a0d6204b71cb109256053dc5d.wav,390,43.60606663314293,3.267200649669955,24.50667943512943,0.0,0.0,60.89200761767734,0.0,563.9098314017848,0.0,94.74691182793892,94.74691182793892,1,60,198.91666666666663,3.262437065637436,9.64966640981949,65.0,65.0,409.1455442613165,0.0,2045.0,35.0,125.0,90.0
5ab0cb9a4bbf5c93dde36a8cb9240c294f07021a74056dafe064234219265f7b0a928c5fba906b629a09a141fd09944682a80186bfe1c4d5d914316e29102073.wav,311,42.2759876211782,0.772573387370168,-1.3700351413425766,0.0,0.0,61.19452054621952,0.0,146.5945644813723,0.0,122.9156311918881,122.9156311918881,1,48,505.546875,1.16476128066221,-0.1445850719592134,127.5,40.0,651.5102600086083,0.0,2105.0,45.0,910.0,865.0
643517de9afe22a97d0928f8b99b8b1ea304d788b0da1e93de48332eaadc079a2860f734f3d11acf873ed9879bed2538e4596017bcb8076b9442433fb6a6d21a.wav,263,18.85426723661504,1.5268034499403893,0.3903810363098041,0.0,0.0,37.732563813105365,0.0,104.35852039442584,0.0,0.0,0.0,1,40,254.5,2.2719058878662084,3.621758666900435,97.5,0.0,447.56396190935664,0.0,1655.0,53.75,141.25,87.5
0479744656c659d6dad140cbedb86d3702fc9a6305ba80aa88c18692d9e9bac19845a712b8900fa853df8e0daf5b3aa96dbc38cb6c7cb63e072c9aeaab5b82ac.wav,505,47.202673781828565,1.3348240227647952,2.7295744149128947,0.0,0.0,68.11605491851083,0.0,433.7132565283608,0.0,123.74300537399384,123.74300537399384,1,77,278.4902597402597,2.456836028640561,6.23478306503657,110.0,90.0,373.05101415004106,0.0,1910.0,85.0,410.00000000000006,325.00000000000006
1390cb0cd0df26f91ee28d6157fb7d129e9f0353a5d727755bb334e537d9a88fa0880281cb342126df5a8bc7bf9ac84e67995fd87cfc4481140739bbaece77b9.wav,361,40.20843608091933,0.5439080428854383,-1.621229120703398,0.0,0.0,51.60441422854159,0.0,132.8407575990181,0.0,100.76546623598846,100.76546623598846,1,55,93.75252525252525,5.542016958138993,34.28649111333022,55.0,40.0,119.1226093209149,35.0,895.0,40.0,127.5,87.5
2ae17cf9725bf7c345042e1102dce23175d713f10fd73d1a085f00624cb5ec59c2b4f0de7add4f958437d0f86bad1d05d5573922c59356eacff703f9b1c2a888.wav,733,72.23880813888069,1.4904314001564385,8.158666431606507,104.26189236184874,0.0,73.7678301082706,0.0,580.4954166782372,0.0,121.1213261053044,121.1213261053044,1,111,131.52806652806652,3.9953007655503248,15.614765832840128,80.0,65.0,175.68366119950343,45.0,1145.0,70.0,105.0,35.0
3f34a1b0c88cdbd546dfed33f4752ee49f82eb5f4e1af87cb99efcbd7a06ef49e2653d9332378bd2f602d10f7d65ecdafa2c5c4a32c18a0526fea23980f59425.wav,325,42.00113045895013,0.6444638818345312,-1.4965458971472183,0.0,0.0,56.54325445592208,0.0,149.11451648194193,0.0,107.27123261460343,107.27123261460343,1,50,280.15,3.586322078645732,11.790482887436983,80.0,75.0,635.8062617653273,50.0,3205.0,71.25,165.0,93.75
202805c1f788d3e8c428e3a5bdcafcce094143edf69c752491c3c48ec6935b74aa12a995f15a99a6da2ca296693fa06141286ddf0fb7ba42db68a0808682f899.wav,772,22.323115502529795,3.265808127901932,13.825084866021784,0.0,0.0,59.98594463403235,0.0,451.4652274806954,0.0,0.0,0.0,1,117,162.032967032967,3.8235679439402737,13.388262748710805,40.0,40.0,369.1001453271479,30.0,1892.857142857143,40.0,90.0,50.0
5c80304ff282e96906ffd1fa4616a3326d3435b9cef0331be4d65dccee730a1a7a534aa15666c7d9aa6f4b21f5731a8649d66bcd6381be36f310be6ebf834d84.wav,930,64.48211458344649,2.874693041419863,9.924703238198518,0.0,0.0,112.0634463588097,0.0,598.3261793900964,0.0,122.2954444659883,122.2954444659883,1,141,175.31914893617022,3.038447546358179,9.348293101506336,50.0,35.0,296.3532566952582,0.0,1655.0,35.0,160.0,125.0
4970ed41a907d359631a699a48350784cd3a6a4cdcce6895fcdcc0a877e37cb74b61b81a6cb23ca569c4c230890a7a48d68b0406762dc49d41aa28b94bb40630.wav,385,114.61994898259816,1.251715640691155,1.541456804802415,0.0,0.0,141.19779732388494,0.0,598.4799220030433,0.0,205.0406559403596,205.0406559403596,1,59,94.57627118644068,0.6947761561885327,-0.3563094912023303,85.0,15.0,77.74517335060929,0.0,280.0,17.5,142.5,125.0
0825c3c15506e1d7b1cb6d940edee71bfb53970f529720687dbf4e23929f71f003803f057954a2fcf52aa76dc0d8e11b6a0d1d1075c593562e752aedc3ac6273.wav,642,72.65687334368822,0.8114316068328497,1.936065814158632,0.0,0.0,81.04748227872342,0.0,559.79279501371,0.0,151.0614718200614,151.0614718200614,1,97,76.36720667648503,4.921368132597306,25.107668137634423,50.0,50.0,97.52971521308731,30.0,665.0,50.0,55.0,5.0
398f5d3adc7ac00fe08c6c9a4a6002e7a4f9777e1acfe09ed2b7822a7a56b97924413278b62cc660592c4ceff01a76046ff0a16b9237c601712b5c4008a26475.wav,901,115.17209738492564,1.858967328328201,2.206449927540434,78.30120477286737,0.0,168.97949180460597,0.0,599.9722727782678,0.0,127.98062552590828,127.98062552590828,1,136,62.12418300653594,1.781189141075551,2.2791506943595765,25.0,25.0,76.25362005386185,0.0,340.0,20.0,67.5,47.5
2ee08aa2e1a164c0dd69c977b8a7fb433b1753f16801fed40a0cc4c69180877673cf49dda29ce273e817e19522fc163fc84d2b601383607800792fb6622f25c3.wav,289,38.16650778776537,0.9805216765491626,-0.8181289176879374,0.0,0.0,58.76614485269092,0.0,179.85009483715805,0.0,109.66870344200323,109.66870344200323,1,44,138.36956521739128,3.5827095076201,12.733944930503096,72.5,60.0,187.14103807092377,25.0,980.0,48.75,185.0,136.25
20f0b5d5a9ceae0bae94301b5045c9744477299dcf5ea71654f7b4cb2793de0c541069a829b752a6b9d53a25b39e183c374777ce9b440de5f64839cfd3786489.wav,335,34.10858345348106,1.0697975055506903,-0.7559490453680429,0.0,0.0,55.69748580721163,0.0,146.26534281805286,0.0,95.27847502245324,95.27847502245324,1,51,233.9938080495356,4.660890746857167,23.140512050575403,40.0,30.0,585.3481511522552,20.0,3730.0,30.0,172.5,142.5
5de04ed303880cf87a07b96c35fcbbc2b79563620ca4c0e2f838bb9b94330626b65180e4fad7e4ee8f514dd053526d7126073c6148181d5e5248dbc0289aff30.wav,407,115.7198202077253,1.1594807532517846,0.2665149821575774,110.8055961125196,0.0,132.07575553287236,0.0,421.25007877893154,0.0,138.13237174950766,138.13237174950766,1,62,204.2108294930876,3.669702234203766,12.727583608344808,132.5,130.0,257.4535784061614,35.0,1300.0,126.25,178.75,52.5
13e60c139f8cbdfee2f5611ec8a950a347cd13c02f34d35e4eca77fa4249783eed16665eb20a5ea4031ecfa7685bada11ee9cf970a1afcf514512535428e5703.wav,510,30.90957070984188,3.9947231344852336,20.86865411036676,0.0,0.0,69.90500291671049,0.0,483.8958754463367,0.0,76.87364357004135,76.87364357004135,1,78,326.9871794871795,2.9166664534277578,6.90606389101324,40.0,30.0,823.2667650903328,25.0,3750.0,30.0,100.0,70.0
2607c036019daf3e0e6fc1f5721870d8a8b4a21d4d511d5711515f23702ea4778381b668434384bfc747fd5c223c225c68cda6f08f652ef23e769552b9ddffb6.wav,323,44.07124618229436,4.396428599405145,24.1233313222071,0.0,0.0,88.14174173633121,0.0,599.4736740078393,0.0,83.86833692099769,83.86833692099769,1,49,499.953231292517,1.7570796254054966,2.9966577861598003,195.0,115.0,587.3101252509347,60.0,2815.0,120.0,575.0000000000001,455.0000000000001
29ebc6f4c39e452e990f0e15c50c427765677c31aab6115bba8c5f20b2bee0f395af65adcc18c13f3eba1cc01e5ed9b5640c1ceb295c05236c5c03d17ae1ec89.wav,563,64.80738621606417,2.7411037946549923,6.212764219999819,0.0,0.0,149.60953694971076,0.0,597.865527737258,0.0,77.22271566710344,77.22271566710344,1,85,384.1200980392157,3.888777380432792,15.758791387944282,185.0,65.0,674.0854812908242,45.0,3905.000000000001,105.0,255.0,150.0
3cf46192174b5bbc42b8667f48459025429a6cd4958669a9e729240e97fe61555e70a8fffb0a27d3a0b594492de279d63e209460d1aba5c8e3f9f26cdef8c268.wav,285,31.040271302426103,2.9535786264908346,11.91894015267166,0.0,0.0,73.8317654394468,0.0,514.560371689405,0.0,0.0,0.0,1,44,32.72727272727273,1.7825171827349455,2.459843888679277,15.0,0.0,43.725051918657066,0.0,180.0,5.0,46.25,41.25
1ad261b43080b87363aa0317887724756f7e3f86923e0b7d60f5991fc5231c73989eadfb4697baf10a204966bc5392187bc50c8658cadb2afe2ca230d5057a23.wav,616,33.62703581685716,1.0447127413697517,-0.8073990469652963,0.0,0.0,54.37965821392664,0.0,148.3386922125556,0.0,104.3356242236649,104.3356242236649,1,93,150.588954056696,3.841429709547645,13.0515452981048,40.0,40.0,375.3484802760173,15.0,1735.0,40.0,70.0,30.0
261cf66552770dc4fb57d1d011b171e17f639145c49ad037b540daaec417442c009265da74d4e1e95d4a72846aab42226b7d17bba470e692b3aa07a2e2168473.wav,452,73.38333155866232,-0.3209966540905714,-1.6596463355568931,103.56049742164174,0.0,58.997154966690495,0.0,169.60430338580898,0.0,125.85252935829288,125.85252935829288,1,69,136.268115942029,4.098364723881633,16.555412434317596,65.0,45.0,279.5122638634547,25.0,1675.0,45.0,75.0,30.0
2089570c4b7c56aa62531178f73bed1b18018ac81c71123c71ba01e128d7343c4eeae507df85e1da0ce340209a062f9f8d0768dbfb57845ac4569f1e4b16f26d.wav,1031,82.00500189735924,0.5503990699357856,3.499601646329136,123.40156852545353,0.0,72.79797624495498,0.0,579.7020469338747,0.0,138.49181175120708,138.49181175120708,1,156,137.85256410256412,6.998312780907627,52.69764000935877,50.0,50.0,366.48980824124897,0.0,3145.0,45.0,85.0,40.0
1700a9156363bc11171edff7deb2435434e6694c78b98aa618bb194722826d575f2070d30cc14c8f58cb5f945a76daead7bbb7e40103851b5dabbe905d821277.wav,841,55.50830456053533,0.9734252440065888,-0.63285402352499,0.0,0.0,83.73345457276922,0.0,359.1215174611534,0.0,159.36671647958084,159.36671647958084,1,127,146.54418197725283,5.871352450408601,35.0787008842134,120.0,105.0,168.6011373278442,55.0,1365.0,105.0,135.0,30.0
4ca1fc41233701450909ffb768925029a70ca6d0d0a5f8ab4d1fe73354c178d512db64d1fb078356ca5cadbda992592545cc17a3ba4a57fc6c0a525cafec93d2.wav,345,66.47393844265194,2.7698443501757737,8.804644504626934,0.0,0.0,111.76501888164232,0.0,592.9806224357836,0.0,106.52378580997016,106.52378580997016,1,53,95.47169811320757,4.487829739809836,24.671194818352003,15.0,15.0,154.43525892425993,15.0,1050.0,15.0,145.0,130.0
40915e2b7865217f891c734b1925deec12c1dccfca8ee093b0ef355e05d7fb6a7bbd948c3017d6d7b730bb68df463d1f4031e169e015fe0b134090f1323c0371.wav,467,69.6953770185441,-0.0212867534476441,-1.4001151750711645,98.22553071858786,0.0,60.870043303703966,0.0,213.8688288123134,0.0,112.53383294491852,112.53383294491852,1,71,182.6861167002012,4.420483745876389,19.66797590301868,75.0,75.0,369.985364889834,25.0,2345.0,47.5,165.0,117.5
5ce595ab175f9ba7966ccc1d84bccff5e7383970a4071855f975f22ca72a1f9167ebeb9460c9503004f0cdf1dd8c46830404a3bea32f7dc3a8a9d57ff36a82e9.wav,426,75.38174827936486,3.298937579597381,13.449473998523809,93.77451548999504,0.0,105.36454845276594,0.0,596.8628119117897,0.0,110.55455486414196,110.55455486414196,1,65,59.76923076923077,4.344127516505377,19.692356517158235,35.0,20.0,96.03857706163534,0.0,585.0,20.0,70.0,50.0
29416363892b1f45c3bb5275511423833b09f0d32e3463962ac7aad7ed344e9241755408961a39c70e7302410ccd08a3804cc68c6d702a433da7cd571de197e0.wav,479,43.7606710831956,0.5565705743813025,-1.5029366368122454,0.0,0.0,55.27287779358372,0.0,159.1975944267439,0.0,100.72335948464593,100.72335948464593,1,73,144.8021308980213,3.0385971129677776,7.902845582034839,45.0,45.0,301.8686149002372,0.0,1415.0,35.0,60.0,25.0
409e7bb0ad2d1ca37ca5ab5f38c5f300b3062f51c193ea1b630a0153d300afada13d70221639c26d6e2a21cb07e2ec601a7b9e705f06cdd0719db86f346bc8f8.wav,534,25.084532705341434,4.920935302540594,27.34623784718487,0.0,0.0,75.02884668359046,0.0,542.5725466155834,0.0,0.0,0.0,1,81,184.89969135802468,4.041537924313735,16.78981948410953,110.0,35.0,327.2990185418908,0.0,1915.0,35.0,171.875,136.875
195d60563f6859577011147adb34afc58d7e322fe628c7a8b4da4b07cf191a0741ea2f94b2b0cbbbbfc8f1d348d3981391d649e25ebf22e1c6172342fd0c05b5.wav,376,44.822690472547286,0.6783674876431484,-1.1623181323349157,0.0,0.0,58.49627849103266,0.0,221.7141215278764,0.0,100.10659439336048,100.10659439336048,1,57,149.38995215311004,5.039836916428411,26.377805219317768,65.0,65.0,352.82753336615417,10.0,2370.0,65.0,85.0,20.0
504b88df573b496f17ab33e65ce2225ea121df13d9a38214ff3437525c9354851d0069658d6a9d53b24f7b9ccbaf1af2f4b9fd01765a936a259c7bfea9194b32.wav,534,47.98521331740093,1.1485778593201204,-0.5325719016995727,0.0,0.0,80.72994877256262,0.0,245.2657648912985,0.0,155.49547009282225,155.49547009282225,1,81,210.1273148148148,3.698152974946909,12.346695302329328,85.0,75.0,424.5471266824785,55.0,2175.0000000000005,75.0,135.0,60.0
057cc8f6bd1165714722c49a3aab9da2349b2f407588f0bbe5b5dbbb62327b0e944acc6e766b86bc92e0a538bc268e4ee071b000f4159566ce3205d761e9b905.wav,784,29.1106742615579,3.82922351048668,15.40578038404608,0.0,0.0,88.07622945020933,0.0,515.3560203147731,0.0,0.0,0.0,1,119,309.5378151260504,1.8891533306390984,3.6693124938611055,210.0,20.0,320.9937246412956,0.0,1690.0,100.0,440.0,340.0
5284cb2e4db6ec5ff61a4a0e3561fa5689c74850c2fed6da28eb3081f7f8fcba9903b8b681063be81270d5b9a2d3d012a2ed6b629215806817bd5003c835fd83.wav,491,22.146556996724424,2.067197734908474,2.6457529206874053,0.0,0.0,52.103907265052776,0.0,228.6676771550508,0.0,0.0,0.0,1,75,241.86666666666667,2.491254582045181,9.326474108148927,205.00000000000003,20.0,241.20637544550013,0.0,1535.0000000000002,100.0,240.0,140.0
3ae1d29ea786d8228dcad6228b6e79b9c2bad59b0168b6b3ad1ac47499ea38e0a66d3e631eddab444ac9f3262c025da9a82f32505bbf1adac1c8a5a214ac534e.wav,311,25.38875607118688,1.5207870262725691,0.6524238325624552,0.0,0.0,48.19953700961419,0.0,150.142268815856,0.0,0.0,0.0,1,48,151.69270833333334,6.483709650709047,40.953914011491165,70.0,70.0,407.73769984380266,60.0,2915.0,65.0,91.25,26.25
1fdd138297349275c712fb6fc1c3f2a49097bed888844cd05f15b0e7c2ce9e28460ed1f1be7c062fcb9d343c59725608e8d436910aa0fb4ae2e56691432cba34.wav,693,55.91338457378185,0.5759723027746682,-1.6000679200830614,0.0,0.0,72.94418753781149,0.0,177.21305978049452,0.0,142.75360813368758,142.75360813368758,1,105,119.23809523809524,5.591138303330917,33.662483523932394,75.0,45.0,175.279071296225,40.0,1360.0,55.0,110.0,55.0
15394756918bddbdd5a8240d0647b048ffe1e248b3f988b0e0f68361ff9658a422d479ba9f50f5adfa767227245a7b2b7d3094f725ce2a5201b824d9d6742ac5.wav,443,36.18594615297484,1.1446559811878452,-0.4728540427555643,0.0,0.0,59.79788954161683,0.0,207.4638059575433,0.0,84.14906733849439,84.14906733849439,1,67,224.21330845771143,2.589424391893506,5.584784599635089,45.0,45.0,451.83720519458194,10.0,2060.0,40.0,75.0,35.0
164b350c380f6dd35466d5a1f60522b402beac7253b32afa8deeb3f4e12c315ef94f83a4667b4ef85ab5b0488b6e42b2b158e51513511a9d57d3df754903d209.wav,393,69.66065001348124,0.1348876385300735,-1.7850175550110223,99.51525111031692,0.0,70.7115388722733,0.0,181.2174106783021,0.0,128.71254199258902,128.71254199258902,1,60,98.83333333333331,4.154069902671373,19.747730608798715,45.0,40.0,132.09014178035983,15.0,875.0,40.0,147.5,107.5
4216f2eeb61e502d07a98b66d22ddfe56d7b72970071d2d890943a2e6a8909543880ede5f442eedf7981b311c88b01f28dcfb3b5720b673c17af73d7101093de.wav,400,48.894800219861054,2.686847084990818,8.186894879787594,0.0,0.0,105.13685627799298,0.0,591.787634607072,0.0,0.0,0.0,1,61,90.41666666666669,5.045037771379845,27.727364786580644,10.416666666666666,5.0,277.4148197923773,0.0,1895.0,5.0,40.0,35.0
3e7e809936065f48404433127d5cacce38637a2faff871f22b883950651199f8ab6fd222fe667a34db4b78598f55a81f0edb6f27ec3ffa74eccf81229b685eea.wav,395,43.30887187981045,0.2805181972497639,-1.661930797706781,0.0,0.0,47.46746227498752,0.0,152.95149158888967,0.0,88.86304173243032,88.86304173243032,1,60,61.29824561403509,4.721665311564617,26.02614542310821,30.0,30.0,72.20440531232576,30.0,525.0,30.0,60.0,30.0
4d18cc1ab6636bfc39fd1cc3cfe1f045a6886a27cb0e880919b281500d5cc9ed6658348014551a5f4d2872599af31174773b221f131a8b0bcccaf0e273a4de52.wav,378,122.1341004412748,-0.5508544712604606,-1.176495780308444,160.7027535495984,0.0,83.28217823737366,0.0,281.0656171294122,0.0,175.66267202871944,175.66267202871944,1,58,94.39655172413794,6.560636131494664,44.59915423707551,60.0,60.0,147.70975029745662,5.0,1165.0,55.0,78.75,23.75
3029c5bb16cf91336591bf105e15bc41f152dfcc1c610242d9c3f862b8faf3f9069e67ddfdc1c561bd211e595615c612838ab6e0c525908da041e26b008e1fa0.wav,647,73.02770379244946,0.0202439825382732,-1.7160616623434417,101.28080332718396,0.0,68.57625716005786,0.0,194.41854196838963,0.0,132.72398416744687,132.72398416744687,1,98,151.12244897959184,5.798428778883825,34.33672031636247,50.0,45.0,438.7467835873993,0.0,3090.0,40.0,85.0,45.0
218adcaf90d78e769833928a33d1c1d65b2e7343427d0303f79db919d6012457608433ee6d353d2c055f3e236b40cdc22a64b11484936d549d77728995e49170.wav,777,15.031115828262722,5.865976687865327,53.49340490111178,0.0,0.0,47.128728649313125,0.0,530.6858671073788,0.0,0.0,0.0,1,117,125.34188034188034,4.644520886929914,20.68462149358715,60.0,60.0,256.5157119325426,20.0,1545.0,60.0,80.0,20.0
2b4809114529c473e96079ac9070d5c600c98c9e9db9c9e346d841b5ddab71b934769701d49a82518d98e40d44561fae37da74c70315e9383ce1f4b1bc31842f.wav,402,45.53785516389036,0.7603335261497168,-1.3252775613509833,0.0,0.0,64.5066177206714,0.0,164.31352809047382,0.0,119.87458171136966,119.87458171136966,1,61,55.37470725995316,0.6811638225391242,-0.323655899051305,45.0,15.0,38.70252821397477,10.0,160.0,17.857142857142858,90.0,72.14285714285714
282161540a0e00069f77d7b93743b76744b3b20a38f95e98f6f0442496c3070b0568cdd251188311c336ed3e14361ce24ca0b5043940c740b24b972f523a22b3.wav,505,75.4401719107296,2.3815016293156703,5.091650792384948,0.0,0.0,139.77689002484948,0.0,576.8772752210104,0.0,132.98382675166965,132.98382675166965,1,77,58.11688311688312,1.2135630835330742,0.6120056315211833,15.0,5.0,75.89739725290691,0.0,335.0,5.0,140.0,135.0
0f5008cb438b6cdd8149676b8223b4d276f3c1ebd720ced6beeafcc4b1e6962757baf8956599bfc3ec060fb62888ac7a26bf19045c10c407a731c72f49a9964f.wav,354,76.34122229978773,0.298970340526163,-1.2089841594610502,92.58908819325298,0.0,77.21264268176235,0.0,276.2086050240632,0.0,141.64189154472157,141.64189154472157,1,54,97.55787037037037,0.8752037583008409,0.7066535665146634,90.0,85.0,45.28847040343928,15.0,240.0,67.5,120.0,52.5
379ebab6472aa4dae82d74bd5f695b81d271e6270311908b2644dce8bf7b5925a20a99d023336941fb9812f914f6c309eb45bab1dda9ff3b121b532309055438.wav,438,70.83409375816647,0.1356765432887258,-1.9442313412780543,0.0,0.0,75.14127255297377,0.0,200.2867597828861,0.0,148.81487454972694,148.81487454972694,1,67,175.136815920398,4.513657338631621,21.072435804008958,100.0,100.0,246.85180279221936,50.0,1495.0,90.0,162.5,72.5
45fe709605e5f2412780e9e5911c80fe1310023d3d067ca5727eec9003a6190786dcad03450a65721a7f8aec74f9427e93bb438046494daffb99ef6a265f52c4.wav,388,46.198594512874045,0.5444995750497144,-1.586389414508217,0.0,0.0,58.91427062848026,0.0,157.4053442976227,0.0,113.52911965261912,113.52911965261912,1,59,124.4865403788634,4.759553017278022,22.14630153200509,40.0,15.0,264.3219415269297,0.0,1585.0,27.5,152.5,125.0
49495902fe13f835d6885417263ba4269d15207253233af6e790f8dd069b002b7a9060f35906ea1a43d6409eac763503e617519092f7dac3ff95c4e433ac6768.wav,174,40.3331695275436,0.8808512335779469,-1.1747192966231683,0.0,0.0,61.229068546223694,0.0,162.50317903988784,0.0,121.90205537795885,121.90205537795885,1,27,280.91435185185185,2.4522778891340256,4.932214477822645,45.0,40.0,545.6628028640408,20.0,2200.0,40.0,54.84375,14.84375
3211a684bbc595365147223878ac98c799e53ebb7010d726f17a1e830ed4455d0a11d0e0b072332b751ac96515ddd523bfc71a8ae8e02a97568042331a073c72.wav,227,79.68864492106421,-0.3267448476893615,-1.7303696211477644,116.4200891041939,0.0,65.19701680798461,0.0,175.16148517904125,0.0,129.483097601449,129.483097601449,1,35,60.704081632653065,4.207754543312502,18.648961841228832,45.0,45.0,61.0078428807417,20.0,380.0,40.0,52.5,12.5
2659e4ad3075dc0bf0c3ca3d874a5bd585ce7f1188a20385faa3f94b1b8368529ca0a7248ddc841f28ead9e2c6110ce1588b68c97d4397b92a9697b502be0f99.wav,702,62.18236441912542,2.5511723407729727,14.12574377779672,99.60592917952664,0.0,75.68236463376981,0.0,594.2412181779883,0.0,111.3700300527772,111.3700300527772,1,106,144.30592991913747,2.4752112732711846,7.362516269875007,95.0,35.0,142.1984293684544,35.0,875.0,50.0,180.0,130.0
38fd336d63b7e205d65599845c67f0515cbe0b484dea472e01713ad46f2dfaba4b3e3e45b55513c5bbca7b65013446c343adaaefb614fc353187d2627bfae7d7.wav,306,35.80240169096332,1.1149578107764528,-0.4521825736626677,0.0,0.0,57.49961087273486,0.0,171.29497639479635,0.0,100.07318059801592,100.07318059801592,1,47,165.2707930367505,1.3417278198054006,1.2937063067223615,130.0,40.0,144.9083877014088,35.0,620.0,52.5,243.86363636363637,191.36363636363637
377c070a348436c024ac86c521866ba4aa1a4fe7abb5efed305238ee877a64292027232db2fce5b53585dafae944000c10d948bedd4d9d1e3b3b98d877a737e4.wav,750,23.92679967963378,1.7712886559445726,1.2556401567286963,0.0,0.0,52.13338635408755,0.0,168.01519475411968,0.0,0.0,0.0,1,114,51.578947368421055,3.913887202255944,18.14729074943414,45.0,50.0,33.5430842969922,0.0,240.0,35.0,55.0,20.0
2db176bb81461c855a699d6e93a5ca08ce49694614ffbfcecefd209b50c11c5011300622773953ef9769a41fc1588483aaa75046294e5e061cdcb70c2742b3c0.wav,882,57.16070868175584,1.8629390744143572,9.500159219919018,0.0,0.0,69.16965247750818,0.0,588.8006877902259,0.0,111.155211503143,111.155211503143,1,133,289.1102756892231,2.243963125059276,4.323730234576283,125.0,75.0,400.2859018389671,25.0,1990.0,75.0,235.00000000000003,160.00000000000003
5a59fcea5d1342b2aaee6d048a978003192e725b1f0c402a402cb1fdfad77190209e479f9631b11cb10a66ac5ab9a5d204bc78d3cff62cac728f4ca7cf75c74c.wav,719,56.42224517646002,1.8435178172018645,4.729747873129963,0.0,0.0,80.70024705491903,0.0,413.5995865409091,0.0,118.22895699413196,118.22895699413196,1,109,43.08868501529052,2.5237606448669663,6.022234203774321,35.0,10.0,51.730416273133855,5.0,240.0,10.0,45.0,35.0
63de4f0e8fb57811d10623a91526da2bb748d91d7e6a87931568681e7db4f93bf9483d271b8b174382c646f6faa856bb170fc796ef20ea370c9391e6ed050915.wav,354,47.72059175476234,2.4513319684626818,9.330325098203357,0.0,0.0,80.87728446372743,0.0,543.1798020800129,0.0,89.18837015243558,89.18837015243558,1,54,736.4236111111111,1.5599077372328312,1.5161944873363566,497.5,110.0,878.1971386661977,35.0,3295.0,116.25,775.0,658.75
207741f4eacd22a321e6d2feb4fe0b165bf1f423db861caa2fa981c10437a19bb4cc9d06919cfb77ec88a9e092fa124560056484941ec88be1388d9f7660b6e1.wav,623,40.6729039963103,0.5796183989184799,-1.5078854700826725,0.0,0.0,52.55627151977516,0.0,177.10174072316934,0.0,99.35184420886652,99.35184420886652,1,94,102.36037234042551,6.384761698457632,45.797668194032944,75.0,75.0,146.50987759932733,30.0,1295.0,55.0,88.75,33.75
34e57a02fdf503ac46f0ee70c92b9c165bd293bf62ac584b7a5f57b96b4dbd17776fd819a652ba4ddd9bce15fe56a4403349e81ea524c741586f3d81afbc854c.wav,450,58.6431482211187,2.8268079490546496,10.599809200501568,0.0,0.0,96.8446218866238,0.0,598.1840808963036,0.0,115.46137755410471,115.46137755410471,1,69,537.7536231884058,2.5380398784356326,7.996980416600255,160.0,90.0,780.3443759620287,30.0,4430.0,95.0,960.0,865.0
1dfa55b2a5072d9a64a9b6271f788e014a88075b8374aeb1124092f61c7aa091e9bcd6497dcc006b7463d5d807f39f51c55ea06fd151e0d3b373b59b6e2a5cfe.wav,515,45.27252227770449,1.799024390892893,4.181842057574783,0.0,0.0,71.28526517692049,0.0,387.331028636176,0.0,115.60385238341324,115.60385238341324,1,78,316.5249662618084,5.471601350905426,35.34759371299484,170.0,85.0,628.558224606036,45.0,4945.0,85.0,217.5,132.5
391e8d69efdf0f52bfeb555791057449eb38aff1e789f70a7d5eebdaf8ca0e1badfa90a3f49cf2aa6a90e1da4da9868d35e025110da96b9692af2279b5c74618.wav,440,114.95049073654091,0.8378432895523323,-0.6165893135926779,0.0,0.0,147.45820773193452,0.0,484.4261585187955,0.0,225.5006394145984,225.5006394145984,1,67,341.29353233830847,2.6387769208339726,5.6088227727498,140.0,60.0,571.8347751094756,40.0,2405.0000000000005,90.0,192.5,102.5
035316f2872f2ae4f166174ce9671ee9bdc96cba73f9a24063a9a9997a9edc5152efef04d2b5197010b43e60442c88ba10ff9ef532884cd8851b5e5d4a409132.wav,525,50.58827484112613,2.9737630933292447,18.178135698455037,0.0,0.0,71.57631530550849,0.0,572.2560080296004,0.0,103.70062690296976,103.70062690296976,1,80,157.9375,4.243790199205194,19.324500035690704,40.0,40.0,338.5831634824006,25.0,2050.0,35.0,126.25,91.25
3e3824cd16a12f80a3254beb7309cb43347e6fa7c8d6e39db1de1d9515bd60a8f07a11b798947f72cefdba1e1785edf2d6403253877c4a7fa6f81edcb908abb2.wav,409,26.41296243003505,1.7285683931179976,1.3166781442041433,0.0,0.0,54.75819449327976,0.0,199.8026763177876,0.0,0.0,0.0,1,62,71.88288920056101,6.335813655945818,41.8116871103765,20.0,20.0,206.9823237225832,20.0,1570.0,20.0,42.5,22.5
182a42ffa55330fca5990120e680df46f097b0ea03ee9130df1f2dfca56a37ceb4b50f1ff1828f620c8f263eb50258f1efb39bb8012421fef09a3e2d1214e247.wav,412,24.318722932510603,4.549296967220027,21.87615014211542,0.0,0.0,77.54203791171422,0.0,481.0355728093899,0.0,0.0,0.0,1,63,223.968253968254,2.8637378552056,7.049808221268368,50.0,20.0,469.86249147697606,0.0,2145.0,20.0,152.5,132.5
2dd95e65d13b30452523b0023799622543e6519baf643b5dc2ed7af16d8ffbbbb8cc706a88ae02410743fdb3a441be4b8452dd962f0cb594f8f6629a69dc33fa.wav,635,196.70487354959647,-0.252216631812222,-1.3906851941206768,260.22312615934504,0.0,152.13715702952294,0.0,541.3413177515147,0.0,316.66020747050044,316.66020747050044,1,96,302.9166666666667,2.6719239535865094,7.935382446568454,215.0,215.0,269.79802116068646,85.0,1500.0,138.75,336.25,197.5
2e1f4032908380bfadf950cb7685f1daff52c448278c82adce83b4ef501712586ce0687c0a7a6177d685d30872bf8f75374e0e47921318c14d7e4388f7eb9166.wav,455,42.33186758510692,0.4409115758785238,-1.7196753330173218,0.0,0.0,51.63947843907485,0.0,133.52666643467546,0.0,99.3840355115639,99.3840355115639,1,69,389.9199084668192,2.4619795271650826,4.522561443686573,65.0,40.0,842.3590343984007,30.0,3225.0,40.0,85.0,45.0
1497d450d54573e3736517d096f37b4dc2fd31c9ea0347df50d76265b71998a5336659b79831c7c1b2ce146015f28b66277e104bad59dbc76946a305a7744bb7.wav,306,61.01192337534263,-0.1408624119814009,-1.9255413312356031,99.96129956067142,0.0,56.0708565214776,0.0,129.1662498552036,0.0,116.0243131816566,116.0243131816566,1,47,354.90328820116054,4.00969391982298,15.120265546561884,170.45454545454547,40.0,809.8982939193636,40.0,4210.0,40.0,212.5,172.5
299c57259ab4ff35d5531b22a03981c6b3ce8c0c094a6a16d2844ad4e1dd82737e2ee8670659188c36538605fd217615ef29153363c4ead400ff6cc02c29cea3.wav,345,68.47570178698102,2.830051043195016,8.167100350856321,0.0,0.0,127.8884480055772,0.0,598.0007828366244,0.0,115.9910252020174,115.9910252020174,1,53,128.49056603773585,2.9395355448046647,7.501520171470382,0.0,0.0,311.5399742751765,0.0,1375.0,0.0,90.0,90.0
230b6751103faf78deb8425c65341fbb65af11e5d3d52aa6523e0598fd414b84094169c54fbfaec0dbc1738604732d9831783020cb8b07cbc4391f44255e4fea.wav,349,58.40644927755038,0.4055959573166278,-1.785039405728125,0.0,0.0,70.55808294930921,0.0,181.64939506763227,0.0,140.37611189564356,140.37611189564356,1,53,107.9983593109106,4.955227586334137,24.384372505607075,45.0,45.0,249.00535223043403,20.0,1590.0,40.0,55.0,15.0
2eb8b9cb90fb6d2c1f908a92e79b88b7eed1c0339bf92f63de516af564ce005c1c72b5f1cf4081ada321f089e25597c01dd3b2a9e0f251c3eb377fb1ef6d12b9.wav,491,31.707283200294064,1.4852791108458403,0.2765325694717875,0.0,0.0,62.30182419668997,0.0,181.4651425324949,0.0,0.0,0.0,1,75,622.8666666666667,0.726461699462191,-1.2206385862599758,220.0,40.0,693.048903196753,0.0,1865.0,45.0,1490.0,1445.0
3bde5988c8aaf7de6ccf02415be418826e7b4f6454cd33d20cf795db5a5928c3da26c2d39d586a71d29cc8a3ca3e019cb4e4c5d5e3345a31074e6d2d9febe12a.wav,556,69.31484806707499,-0.00592387975092,-1.7723555973163203,106.33171026913844,0.0,65.78141903043446,0.0,222.03473489175963,0.0,128.25666442973397,128.25666442973397,1,84,212.1969696969697,3.657588085673291,12.739415986515848,62.5,30.0,529.517124046306,30.0,2820.0,45.0,85.0,40.0
5acb4a603174075b89fa73f1120ba1b96c47d6284ee9a1031deed3e869b2b7a428d9c9d9886f61f2a9107cfb5b97e8402056907d2ab7535e8aedb9997f350f2d.wav,297,34.99776276297138,3.3041612446265733,13.573399469153298,0.0,0.0,82.67293024118369,0.0,537.0903205426621,0.0,0.0,0.0,1,45,593.4444444444445,1.0704468785866588,0.0735611101458051,145.0,40.0,674.0448569166614,0.0,2365.0,55.0,1065.0,1010.0
24a4ff0f3975e76e08fe4c87e59dee832dbedaf88a614d7111e30dc9daae0d717b896d5858cd354da32e5decfb3abda11fc01955fe5fcb86899f1974465563b5.wav,455,27.82232412089571,1.2495213386819233,-0.3164751268093626,0.0,0.0,49.01792023764458,0.0,143.58545244223407,0.0,0.0,0.0,1,69,345.8695652173913,1.701583586659755,1.409722613876499,150.0,40.0,468.474208933686,0.0,1625.0,65.0,360.0,295.0
1561da48bcdc61cac96369c339d0c661f9e19b33e69b050b3376021f08d1888a1d46973eadaba0c4c3e372127d3815adfd258c1a158337ad04eabd53fd6bacf2.wav,378,41.32359638286032,2.1143802728374665,10.422056205939551,0.0,0.0,59.027249542663725,0.0,457.8332456871071,0.0,92.29824195148106,92.29824195148106,1,58,57.98850574712644,4.387430073215426,23.579413143865896,30.0,30.0,61.99412793590608,30.0,445.0,30.0,65.0,35.0
0d71f83696cb8b57ee75e8e6a46af6d9012c004583a7f95fe4cf0d1bdb16282c1f65a9393eba68013e141ff683fbcdbccae266a93ccf0bc2d738fe3744ff13bd.wav,844,100.1836124146897,3.5549556250454595,13.975332362911509,90.61599567257537,0.0,94.7823756715178,0.0,595.5037022793721,88.01510938936215,93.4814277425858,5.466318353223642,1,128,99.7265625,9.376056185162776,94.9504617938148,30.0,30.0,297.9410521301716,30.0,3250.0,30.0,83.75,53.75
56a3690da6d10072ecc7ccef85fdbb0e726e193d588471fe36a9475940093f90deee4e9fc60d77cc7b05c5debadc6007698694c29faf7985749bdbc2f89ce9a5.wav,678,50.66579368826738,0.8979397225287127,-0.8336031556228951,0.0,0.0,72.8930166566987,0.0,238.587074045546,0.0,124.54315260265398,124.54315260265398,1,103,108.1715210355987,8.978817736995241,84.28951030492237,75.0,80.0,204.5626421708137,40.0,2100.0,60.0,80.0,20.0
2f08455d2b33946b8bc5035ae70f79564e2ed86e35befb9d3af4e476242051c4fb9c265248ba872d0ff293ad87f3745b3c4096117e7782b33738ac86749036bd.wav,695,19.774686560928984,5.524426462103168,39.20027228130138,0.0,0.0,59.49067226581306,0.0,497.90083669054695,0.0,0.0,0.0,1,105,116.8997493734336,5.291489316074119,27.463325135822647,40.0,40.0,327.2337198012358,20.0,2115.0,40.0,40.0,0.0
1184d0a0f1bf0d221be5d3b03f91dbb0258574f38337440d0ed764398584305045d51d019340a596f2615195b0b01b87665462498a125c9f4772ef22a211aa59.wav,227,73.31557535866733,-0.258601639315568,-1.7995000643031278,113.51899532803834,0.0,62.51106494105544,0.0,159.72761143826588,0.0,120.18536020057174,120.18536020057174,1,35,111.44897959183672,3.6974901681429775,12.00656550242116,40.0,40.0,246.89326111164053,20.0,1145.0,40.0,47.5,7.5
2b45a5143cca9ce1e8453916e8ad2a1345dbfbdfe48ea8597d64eeead840eeb1900285876f1b48d79c89116c3e3c44fc4e3f0650e2537adfa31b9c6dff992ee1.wav,407,78.53932160539206,1.6781416303366068,4.971039901214385,0.0,0.0,99.69377920775412,0.0,589.8710850829035,0.0,151.58982909210738,151.58982909210738,1,62,269.57949308755764,2.1243284321515006,3.1752016877797606,131.96428571428572,40.0,356.738235795306,30.0,1415.0,86.25,200.0,113.75
1c824bde6a3879b30c31c695ea76123588fb65bacb488c776603736894ed5a96afe4a90b7034c3f1d14f03f3911ea89b0c4a0c2734ec095ab89ae785ae677752.wav,424,42.99160364199467,0.8458269614879832,-1.1769447800819195,0.0,0.0,63.34543913527564,0.0,182.603995451208,0.0,123.18242525047243,123.18242525047243,1,65,359.6923076923077,2.038474217246913,2.676335400946937,50.0,45.0,670.0980851987135,0.0,2420.0,40.0,115.0,75.0
645f6746cec2bb8d3f5eaabd3b04208c52ded9ac3732facd14dd93de707753d4efd6b35940352f67cca0dfbb38616241a993ce4509c4cac00c1714475fbb38fb.wav,395,68.06680390496285,0.0141720653826747,-1.849709289197877,113.50223730968864,0.0,66.233253301083,0.0,175.70081910888044,0.0,126.19704434209808,126.19704434209808,1,60,261.6666666666667,2.4224011804285457,4.4372993015803255,45.0,35.0,529.1988179209104,15.0,2160.0,38.75,115.0,76.25
0be8132f96322b2118cab76c7b143b247f102003fd86e742a19bd7470bd54620ca3d3a2438524d2747a64562cfa83b678645e146b0a7db1c4beacb804daa11e6.wav,791,31.610714686721813,1.4887785915428622,0.443403037522081,0.0,0.0,60.75197113686294,0.0,195.0912170259369,0.0,0.0,0.0,1,120,104.0,5.246913107383926,30.95085196584096,40.0,0.0,244.4539833997393,0.0,1800.0,5.0,91.25,86.25
61f2771340bc3dd82fed62024d34e059b4166d0e00d9b58c07f0165b4ecee0d63ff6b2a00f1c2d5b1b693e64d15903d23cafc3b4f4ee1390faba1b21042c2727.wav,409,80.22054616007638,2.4804054047787205,11.476548935294204,98.3999027753572,0.0,86.92717101111968,0.0,577.0584449712394,0.0,117.48171023899248,117.48171023899248,1,62,201.3604488078541,3.417280062234319,10.956255549811436,135.0,70.0,284.48132659926137,45.0,1445.0,70.0,185.0,115.0
2deab4cd41d633fd552bdc7be35f5cfc7109dd8c5520f9442668760f8cc9c299cb56be4abbf4c37aa293f19a0334e5de19f37099e166948931c7f0cfd7ce4341.wav,227,51.43003045895287,1.042904117504107,-0.8118333926732393,0.0,0.0,82.63176148125943,0.0,214.4092817835293,0.0,133.06040397837262,133.06040397837262,1,35,183.7142857142857,5.171197076751595,26.15405242324887,30.0,0.0,609.9406796181585,0.0,3630.0,0.0,122.5,122.5
0ce25ce8358653f0297aaf3880a5a6eb7b351fd657f42938123844191f737c0e29be93810b005935c1803ba48293fd324e644d6b7b5418f45050947463cf1063.wav,419,70.87067675200889,0.4979809406575084,-1.467462050069851,0.0,0.0,84.21855377890205,0.0,226.53459199855573,0.0,154.9254160643356,154.9254160643356,1,64,211.82291666666663,3.2829792265138344,11.540121677883429,110.0,75.0,302.01360096735846,30.0,1625.0,73.75,176.25000000000003,102.50000000000004
5279e24729e922874dac1f1710c177b58ac27357b58dc0b5be271d8b0ab179cc58f2cfdc0699911dfe2658e881bd645c24487f337ada3b80567fe0bf85569a79.wav,371,29.13249988765701,3.337258359606252,11.813527688495912,0.0,0.0,76.74716175547462,0.0,413.0797931792452,0.0,0.0,0.0,1,57,143.42105263157896,2.514681234556316,8.733562010521501,130.0,155.0,72.43967783754809,0.0,450.0,125.0,155.0,30.0
157d534a9f624d5a8629b0e13b84064b72f7be5100582a0df61ab551207773f88174367bf31bd3eaa01fb7250eb388b93ee5adf95de51b39b7c735b4ad9efd4b.wav,786,69.83611729880454,3.051508762707812,11.267604133117151,0.0,0.0,106.12626098153756,0.0,592.5141519701787,0.0,108.38146450437124,108.38146450437124,1,119,214.99236058059583,3.464044692985135,12.163162814168926,100.0,75.0,367.19661348147673,35.0,2235.0,70.0,125.0,55.0
3b9c9c2ffcfeca9b9529a9e56044658e6908e59f048067ef7c70d2ab394e1fc00339f491b1e3892dbc1dbb69d8e539f78ce762a2f92c8690a9b85a4ed4854e05.wav,774,67.26668137888507,1.4181150597813337,6.6377035764546815,98.68998814681316,0.0,65.05915947038062,0.0,441.8978170951722,0.0,109.56885036540578,109.56885036540578,1,117,240.61431623931625,5.373634994983359,34.178347505856856,100.0,75.0,594.3585611773684,35.0,4960.0,70.0,120.0,50.0
366ec7fdb534dd6c0151d3dd84489f77e5a118099100568aab6fddfae85371be6e558fcba77089811d2cec08edf5a5dc05d8c8b1f0ab6fc415043dc6ac4106c4.wav,769,19.0111333980394,4.518394513892142,28.534733034424956,0.0,0.0,58.68117883142601,0.0,562.4939455903527,0.0,0.0,0.0,1,116,202.2957271364318,3.75918105067116,13.68632089210163,15.0,15.0,589.3204205028328,15.0,3170.0,15.0,50.0,35.0
035851304138c19a34e371871234961be6fb708524c8eabb8a7850f39e1957170aad6ac43ff22f0d703726584d347a21dea5800d6f76f7b2d4b594abe74bdd6e.wav,381,65.87404487583447,2.684923560878044,6.537997313495465,0.0,0.0,137.7205536665771,0.0,590.8386572657948,0.0,108.55801511747146,108.55801511747146,1,58,73.73563218390805,5.059442541948378,25.155641389302488,17.5,15.0,239.0420918594444,0.0,1520.0,15.0,35.0,20.0
0917858f873fc2328c9fa20086eef7c8df564b5fb10dd4867a1bbd2f3b2ed9805860747ed7a56c866b37ab8616b8d86066318490ad29dcc01f43a6e946478de9.wav,287,33.031915244843084,4.116225466148416,24.334078568653062,0.0,0.0,75.79404463600125,0.0,587.9827458069343,0.0,0.0,0.0,1,44,29.496753246753247,1.7030778686457329,2.0818335758848754,20.0,15.0,21.78735332638633,10.0,100.0,15.0,36.25,21.25
39804a7d107cc4979e11a36535bdf9906d7b5adf29779faf2afe25718bbbed72326a8ff0bd60499280182d076acbd7e1d0623c839920567514f3a7c92a2ce953.wav,297,36.37120913361596,3.7127558452289264,15.011919825470084,0.0,0.0,93.51504027709268,0.0,515.9562442638576,0.0,0.0,0.0,1,45,115.88888888888889,1.9716047471520637,2.3736703821699523,40.0,40.0,146.56545329225926,20.0,540.0,40.0,85.0,45.0
22dce5f8b5964e3c8c1d15190864a00066a05eb29dc7795cdc25553a56b650eb614cdd670c338ad036372925499aedd64bdddea383728a6cf4d33e843fe1131d.wav,707,64.4205811030354,2.879315455068175,9.641435573405754,0.0,0.0,109.86102503306074,0.0,590.7505884520335,0.0,115.60664665945966,115.60664665945966,1,107,176.4853137516689,3.088907391254168,8.108657711788174,65.0,40.0,336.5398236505715,8.928571428571429,1445.0,40.0,145.0,105.0
64b6a3f29aa18981aa6b61799d05411a7d01288375403d090d2bd6f2286ffda963bb93a9e10318a4fcdb112bffaa54c55dc8d7f349036e6f52f3b34fae9fa278.wav,678,83.47480996834962,0.0401243720646615,-1.8785526889487103,79.61183733094354,0.0,82.10853949392141,0.0,201.8929044363255,0.0,161.97092178357644,161.97092178357644,1,103,87.28964401294499,6.6003769712773614,43.42248456655392,50.0,55.0,227.9867009136907,0.0,1770.0,32.5,55.0,22.5
0f4a42b1c82b917b23c11d6d867bd77d61e01b15e54e107e26145c58a01fea327fb813c4766a21500e973e6134423bda1b0d3aa60bff69f4e0e654bcecc24a26.wav,304,24.158297545146684,4.471334308346463,21.160012840572566,0.0,0.0,77.7020211659688,0.0,458.8662154707767,0.0,0.0,0.0,1,47,331.59574468085106,2.1680412186850324,3.644353846809535,65.0,25.0,575.9036436682815,0.0,2395.0,25.0,162.5,137.5
25e4afe8edf35f01ea792ed47a46d409b78f97931074d3653a9ac6432a2509803203d2d49ef6c7f783db8f754ecfb1c6fb580b523a007bda6dd9b11517889409.wav,443,22.62432241759524,3.0316467195266283,16.43120353495035,0.0,0.0,49.64485134133284,0.0,480.61496727708027,0.0,0.0,0.0,1,67,71.35883084577115,5.424534113808838,29.761034502509183,25.0,15.0,222.94613581601152,0.0,1540.0,15.0,35.0,20.0
5ac077e60d20f050cd0ec0217ea55f632ce6985c6ce103bcda11790a0984b16519f5469cec1ad1b2428d6b1d8334c3463aaf5a13e929b0a48938c703cf593947.wav,678,26.030065163155893,3.357652653992244,22.45032667834916,0.0,0.0,54.38548687090128,0.0,552.4248393462016,0.0,0.0,0.0,1,103,60.60679611650485,5.797832055980322,32.891332150715186,25.0,35.0,200.8747454307561,0.0,1460.0,15.0,35.0,20.0
197f425debcf39fcc5b472ecf320bb4763b14a6c29d21ff7a9f7960e3b676ead16dad434219a15b556ddd5744c693708a89c7e53e3e91926e8eb506b57ceff57.wav,796,47.18147066649222,2.0461285244553657,11.141312936610028,0.0,0.0,65.16058164604192,0.0,550.474191906611,0.0,107.56869788056136,107.56869788056136,1,120,99.11742424242424,5.4882515936027225,32.66718300463344,55.0,40.0,180.28104299186867,30.0,1470.0,40.0,86.25,46.25
4e946b8288003eb4e02614a17fadd7371807b016c4dfe58bdef107f2f6ed252e77dcdc6d66def2946a0bf11d6c694879cbb9303191a195816d5a29c8e75d1499.wav,203,56.13533551586723,0.8854512456944892,-0.9477904909623908,0.0,0.0,81.39440973511562,0.0,224.83633579949085,0.0,142.98156808299728,142.98156808299728,1,31,265.369623655914,4.565873596033674,20.386143291624244,90.0,55.0,662.0453901730684,35.0,3695.000000000001,55.0,200.0,145.0
28db08593b4447fe15c50a279ecdaedac4be88cd1e606abe6a33d9e6240f1821a54c1a0ea4f7badda83378f36c41a632a828f48c1c1681499a2fc80932ade380.wav,424,55.58981319708446,0.874603670081584,-1.033417058731335,0.0,0.0,81.38537925719301,0.0,235.35587338118376,0.0,143.54760057556098,143.54760057556098,1,65,234.69230769230768,3.4787808778977385,11.014461366040086,100.0,95.0,432.9068801300176,0.0,2230.0,80.0,155.0,75.0
4e9eb56833367f0e8097bc28847a8d866a7a62dc1673fec2e800bf6e796ca8e55cf56ad23dbb1419670059b497dd7afdd715f2ca3a4f3bc7b1ce1434209b17a4.wav,287,52.93187869001905,1.5583829873654071,4.8385047939862895,0.0,0.0,74.77396935869488,0.0,478.1924501085204,0.0,133.2283195782952,133.2283195782952,1,44,280.8360389610389,2.154616515063424,3.07394641922418,140.0,95.0,373.82036123259167,50.0,1385.0,93.75,173.75,80.0
592403d202ea95b0122daa560019d9194abb04c75b539067a81426474b040d47dd307080c8d4c3e0e2ba6cf41fee7d476e95f87f33f83b9d1ca526e4816a91cd.wav,357,43.662429253144886,2.456693005884197,11.30180080234568,0.0,0.0,69.47811647933607,0.0,530.3316745826107,0.0,98.68690705931054,98.68690705931054,1,54,210.74074074074076,0.2062331686231868,-1.0727990697366925,195.0,195.0,121.53496451413191,30.0,455.0,95.0,307.5,212.5
4f59b58cf050ae355b7d617dfc37c9b21735d3a2e56bc6e1f7acf08b8c4d67cfc06f2d351443a19e588b53941615a1adb5400fbda35d61707dc172fce7ba0151.wav,433,49.34597551458915,0.1739025208884712,-1.929955922044416,0.0,0.0,53.28557203600962,0.0,127.47382190833568,0.0,105.51418192435024,105.51418192435024,1,66,173.78787878787878,3.3774913125165518,10.028313559402951,35.0,0.0,498.9436269593783,0.0,2500.0,0.0,65.0,65.0
3a542994a53899451c65fa041707cc2231f9cb07b7319092b98532f6268a6d48d970a43b015c56d577c0113077858186b7f2ce58876e22d9190b3668d53da85b.wav,309,49.418577231173565,0.6685047253676781,-1.3671828654439302,0.0,0.0,65.94316595138189,0.0,196.8390671359815,0.0,126.22675544829995,126.22675544829995,1,47,457.0744680851064,2.277873176076272,3.984705382893557,165.0,40.0,703.5423891924883,40.0,2685.0,88.75,367.5,278.75
15eb365de35ff1c885141905c9ebaf148af3051b8d2112ffceacde0a0a492af0862f84d95c5fd6e1a796087a96903c830aa0ca48ea2810bce3c2269e4ad703c3.wav,527,52.1682212185756,2.8439393791375176,11.85571464863714,0.0,0.0,91.08004706503472,0.0,561.8600362200449,0.0,115.19345747098454,115.19345747098454,1,80,445.27678571428567,2.084387269434754,2.6949333363089565,110.0,40.0,799.3857454779525,0.0,2625.0,43.75,198.75,155.0
443f0fad62cec9c7ba1d9e9380f4d7c4f2643e1a570cd5f708ec2ef36ef3f192ecafc54d82a049662f4b39e21f2c9e8f7a231df76c1e7d6ed301638a87b1bd5d.wav,611,83.29949476393291,-0.1686533339416489,-1.443094477804563,118.78412995767675,0.0,69.19279010243363,0.0,265.66954515229685,0.0,135.78784927360408,135.78784927360408,1,93,172.44623655913978,6.499145913743197,41.09659754712702,80.0,80.0,458.0032015099495,40.0,3445.0000000000005,65.0,150.0,85.0
00c45bf4507c751fdc4bd352608b753dc1397f96245c6b5a1c81e34e3afbf641f04fa1786c843f74182399a6dc887dd3366eed3e7db436dfc6a9d63f3c38744b.wav,474,85.2807319789894,1.6779221945342395,4.089473742144457,0.0,0.0,107.38587863371492,0.0,559.6179819720228,0.0,137.6338984367378,137.6338984367378,1,72,83.14236111111111,6.0720456966604015,43.71328082571556,80.0,30.0,84.97063245114383,30.0,730.0,30.0,105.0,75.0
4dfc2140179536ccbe152ebd29028450a5fbd51ef96eca69f9b8af8c62349a8b1740fec0aa64b9a11c4a31aa0e3110721cf97176f6a474bd2d963e0313a76ca8.wav,702,109.49070730756048,1.0901998167737164,4.462965072409849,143.70174409440028,0.0,93.40299409741662,0.0,547.0179740047224,0.0,159.39156505189806,159.39156505189806,1,106,71.13432165318957,3.5073977876293703,16.6768085769711,50.0,50.0,65.87764335581421,0.0,495.0,46.25,65.0,18.75
3a7a296bba724018175cc2d3042080d77972b1288c44ed2daafbbf76bf691128b29c2d7bbba3397ca345174432d38916f29910b008157bc00263d6157fa26fcc.wav,731,74.44032028811539,0.0969099517636849,-1.5804774524039198,112.57243688590812,0.0,72.88469449494363,0.0,315.4020532224775,0.0,143.33454910504565,143.33454910504565,1,111,200.33783783783784,4.324235055706506,18.678890899903823,100.0,40.0,386.7730738305992,40.0,2280.0000000000005,42.5,180.0,137.5
58ab661377554d638754a8699ac4c8c18cf27eaa863acfc0dd25ab204e5e895ca78a65da3b8d44862cc409f0eba30e89492525a3ab766be5487fc73d539c29cc.wav,450,31.72788528000628,3.800146361407565,21.36388327077972,0.0,0.0,71.30571789555859,0.0,577.5995134537377,0.0,0.0,0.0,1,69,538.6231884057971,1.0580821131113425,-0.1020546594160771,210.0,140.0,524.2689071445395,0.0,1960.0,155.0,795.0,640.0
3ed29b41df0189bd0a035401daa03acdbaadb5003eb32a1f4763cb9715423798ca63d6fd537ec1f774bba2766608a10d926c3e462fc33c8ea015ba67169ed967.wav,443,38.688623800634105,0.6661576926661016,-1.520281417310299,0.0,0.0,53.22357162836968,0.0,130.66354392457325,0.0,106.93408907108358,106.93408907108358,1,67,351.8563432835821,1.5197318470486618,1.0293636051497987,105.0,40.0,470.5600744861748,0.0,1710.0,40.0,587.5,547.5
64350e351e744433cab72ac4dc0473b342d67ebf308accd1a68a83553eeeff99fb34b597ea1d66e2f2061d36a006c26e20729e950efe22e06c62d5285be3afd8.wav,438,56.32138083650344,2.469413613786426,5.34978729117155,0.0,0.0,116.78742088994962,0.0,559.1525049874429,0.0,104.16347686824012,104.16347686824012,1,67,447.88557213930346,1.5701222518219156,0.7156586425133029,205.00000000000003,215.0,537.4886771987651,85.0,1835.0,140.0,270.0,130.0
01f2bf385d4a77edf9b9850e883d580b90c00d3eb9278ea405a69a77009d8da8d65229a2cd85389abbd03f684708d64c22144f37b664e65c2915f4a4504507c6.wav,669,57.69801312930788,0.2956737641278699,-1.8082695831495077,0.0,0.0,65.1915403267734,0.0,175.28310831206358,0.0,124.71977619565573,124.71977619565573,1,101,431.63366336633663,2.736619162202613,6.422419201297689,100.0,90.0,894.961448616834,0.0,4210.0,85.0,145.0,60.0
02e88585b610e76da251d5a76d8f7c416bc7540904b23d610041b912903fbc037acf380a9e3fba982591ad936818f2b2a0e237825f3963b454a60883c395c9cb.wav,599,79.49291789382615,0.064524954969662,-1.8566094435861336,104.63623963152708,0.0,78.97994780047888,0.0,208.62281209715488,0.0,156.24075025341833,156.24075025341833,1,91,146.97191697191698,5.698783360539142,33.25489392219717,75.0,50.0,261.39913794525086,45.0,1819.4444444444443,55.0,170.0,115.0
1315e908d555da3646032a7e19d07149740f560c0ff8fb95c0f092468d0bf680d964d0a2fc51d83b87096cc0470f8372fee48898933b1113b11e471c40650d47.wav,409,84.7824686190861,0.1937972576050572,-1.700498531812893,0.0,0.0,87.92586061424092,0.0,260.9845445459006,0.0,167.14530140050093,167.14530140050093,1,62,319.726507713885,2.876088844879793,8.086347341894852,77.5,75.0,564.7151762451117,45.0,2775.0,60.0,225.0,165.0
2874c0633aa3d3db10f3e59a53d464e3a70b23f66bde6e63f2a49f4c5e3a3db0f9aaa7987049480d6e022be86af55ee5e1edf5a67672e7b70ab687baec101f74.wav,388,39.24149656731591,0.749963580565507,-1.3645931368164634,0.0,0.0,55.726953201926726,0.0,146.83724874785648,0.0,109.41565873027784,109.41565873027784,1,59,81.0468594217348,4.122428883700085,17.658514153487253,40.0,40.0,106.6977063351042,10.0,650.0,40.0,77.5,37.5
0974672691235390fd35314c3010123a26771d25fceb33b853f7c75fdd99317b2bd6fdd427e0da44ffbc2cb776ea283af64803cfecb50bf1907129a989a029c3.wav,661,54.21556575150192,1.9247596020762905,3.902754081875674,0.0,0.0,86.84376148719082,0.0,398.8918026017051,0.0,103.75854110619166,103.75854110619166,1,100,139.76944444444445,4.708482903100926,25.82064621015375,130.0,130.0,101.38464264319764,50.0,775.0,90.0,130.0,40.0
4c84f9d5358f55d8b5a15981da1121895e5d0d5ef949e9d06c974c1d3a5655efe24d3a260ae64cf42d875363c93709ff6524193560c86d40d48148da34b86cb8.wav,270,63.94598944576767,1.5031772349476882,4.060587010847538,0.0,0.0,82.92276242973806,0.0,445.1085911688635,0.0,134.83615927153187,134.83615927153187,1,42,209.8809523809524,3.2498402023179858,12.030389813771938,52.5,50.0,321.95364960554656,0.0,1790.0,45.0,278.75,233.75
4b1bbb83d9cc1e3b6d9c390cc6002c796ddba84cdc2cbd38f1613ce99c0a532f98848040066847ef0b1cbcacf96b52f6f18eec72a17e2eebaa655f11ca589f0a.wav,479,59.53856168859957,1.0431320000554165,-0.8069060485026571,0.0,0.0,96.137766511413,0.0,270.4072638143901,0.0,181.57718228905568,181.57718228905568,1,73,248.72146118721463,4.286339366774131,23.06917747340348,85.0,80.0,377.6735764266463,40.0,2715.0,80.0,235.00000000000003,155.00000000000003
584974ab045e1611e8c726b84abb728b93f15e2ec6545fe9fecc54066cb05b53255fda1bf08bda13825a42e9c0cda5c625245dbbd7178438f9f5000282874f4f.wav,930,51.29770741791556,0.6021675351952237,-1.2586849482182492,0.0,0.0,65.1183038842709,0.0,294.69413033705047,0.0,122.6022348816914,122.6022348816914,1,141,253.75886524822693,2.235854832716618,3.61493743059682,115.0,45.0,381.8781302890212,0.0,1470.0,60.0,165.0,105.0
5201ce033537317d47306077c28f388738ccd730e9420c9077f54700fbc947faa868bfeb2ffe66d04cb64adb63d1f6f2a3b1d48786759400d60ed1c806c081c0.wav,532,39.22740260842643,0.9598042840395312,-0.7547515912122882,0.0,0.0,59.522586179895406,0.0,245.22723889517712,0.0,113.61100435873,113.61100435873,1,81,259.77072310405646,2.1372343842812915,2.95797128855306,80.0,80.0,429.336337200125,35.0,1565.0,55.0,95.0,40.0
5df731767d368179f57cd67e4b15e97f471956855bf692565dc271c768cef486b5e488d7744e66f7489d84965e0498f0cca2e820bde0a1b1a9f13555fcd47cfd.wav,438,52.021397577560506,0.2053381283641497,-1.4112730002635907,85.16424426931864,0.0,52.97752537210236,0.0,213.14502531130785,0.0,99.7788948959604,99.7788948959604,1,67,111.56716417910448,4.408549270176175,19.77292915837469,60.0,35.0,196.25259567676696,0.0,1210.0,37.5,70.0,32.5
3246d4c6818e665de795826dcff23d15352eec5f2a58fcf19d628db62fed7da011b85613beea4bd6055a36a373042dfc38425e767b3d0a9b7aa6c610fbea9686.wav,563,55.77616703676916,2.905332035253422,16.131152534517607,0.0,0.0,71.35558707703126,0.0,545.6812600194248,0.0,98.26455436067772,98.26455436067772,1,85,85.19362745098039,3.077679170544051,14.11425476505099,60.0,35.0,75.65619655953286,30.0,545.0,40.0,140.0,100.0
3b6c768b4f17e078eaab9902698067c22f3aac38f98dba0fc50ebaeeec1f2372de856c0f4316cf990e72649f4a3ddd51e41020451d3567fb3a7402d240826808.wav,558,45.60190365686249,3.610496514538606,21.06038244289835,0.0,0.0,72.3240956602177,0.0,550.465759887136,0.0,95.63453383916406,95.63453383916406,1,85,135.0,4.254110138325628,17.548172880261838,60.0,35.0,302.3671317338265,0.0,1755.0000000000002,35.0,65.0,30.0
07d8773d1a42183cff05757115cdf406401557645d717b20069d349807354434d2a64029600668d49321400d0616b81a863e73aebd0d2771f16a148e2eabdf17.wav,659,61.75462676111672,3.0964207533610155,15.765633490387929,88.21206582944114,0.0,78.5770166033594,0.0,566.0703322481455,0.0,98.34385110232095,98.34385110232095,1,100,106.02777777777776,5.609423381609222,31.260847753621512,60.0,35.0,240.7230283726276,27.77777777777777,1745.0,35.0,70.0,35.0
48868bd8eaa1fd52015b11d90588028ff44c2a8803cc606425aca836a172acd7d1354abdaed09d1c66136449f3cd23c86844e9d902fcb07420e55c75784a3892.wav,438,45.36890014802787,3.1222575216795274,16.409328714418322,0.0,0.0,74.00704549147167,0.0,555.6463338138316,0.0,100.4866756292113,100.4866756292113,1,67,215.99502487562188,3.933558315067649,15.10434086327523,65.0,290.0,389.560821277524,20.0,2100.0,40.0,290.0,250.0
08a7d200f99354aa1ac75819ffca865105dd9d57a5142562bdeba2e381c5ea1c2cba97ebb2950b53d058667c33769fbc7f7f85f4fc4edd050d7fd2504732551a.wav,486,47.46604257090869,3.2811669024196104,15.615765641751388,0.0,0.0,77.84474514079075,0.0,512.452077501536,0.0,96.67571272565276,96.67571272565276,1,74,96.54176904176904,7.10879460520093,53.315828612167294,42.5,35.0,229.03614182882797,20.0,1935.0,35.0,65.0,30.0
30680d40120aa282c873284a05da34a38f60f1f85e9f42fb1eb4779b46a32ab1ce3f88ba875d8490035dcee1039227be4cfabc5dd92047b557eb7df96057cf2d.wav,275,30.5879128605593,0.906002780420898,-1.123434696718543,0.0,0.0,46.84154322701978,0.0,116.79325229889216,0.0,88.96028628053976,88.96028628053976,1,42,101.45363408521304,3.2613053901993085,10.50361695271847,55.0,50.0,126.3495312872477,40.0,680.0,50.0,70.0,20.0
1374ff1060f46bf90ff2a8c9b4e5cc8112f8c43ae40a6b66de7608773dc9602f19caf12cb795e3f974c2c424b7af8c87916ae204d0742a89f561a90d6131de98.wav,580,101.9340673473566,1.0919491324280624,2.9668538019299486,131.6381092600349,0.0,100.67874078489989,0.0,567.591129553023,0.0,168.05103060960295,168.05103060960295,1,88,118.125,2.2871629192674647,3.825771111623844,55.0,0.0,197.5162716254491,0.0,705.0,5.0,111.25,106.25
47634a8740878d0653369606685c829a04418bbe2192fced2a959b1a2a607506328fbacedd306fb20f2906bcfd6c3a9c45bbc39adcd95cbf9e10196c129224ab.wav,299,55.16378046878896,0.3039372813310928,-1.7372909577332705,0.0,0.0,61.40307088667889,0.0,157.54594967876622,0.0,110.77746216934884,110.77746216934884,1,46,197.6086956521739,3.114950140628068,8.154184140243625,85.0,85.0,386.68285388623457,0.0,1665.0,65.0,105.0,40.0
2cefd826406ca526e2f076b9a92b27b95b2ce112d5a7dd9151a9ed322e94d9af2c8b09d61771cdb5b0eaf01698a08f9b6d62095c2018effc65e119bdff67de63.wav,438,75.58260040075206,1.1911955763043218,4.839121013321601,111.42539629327813,0.0,72.34650335668768,0.0,469.2901394758014,0.0,120.63311757442176,120.63311757442176,1,67,181.38059701492537,3.210524560747507,9.609062859182744,40.0,40.0,404.32094435168045,10.0,2075.0,40.0,70.0,30.0
1db815e5aa493a09c3bfe32dfb578c4f99e8b0b8b2fb141159b99a4706c195258ff875b3e5d1dd96101d2994e88d65619e0070680201f231b3941fecafc7f5a8.wav,575,47.760726578807045,4.349588552755809,27.286907775375997,0.0,0.0,73.60394361978366,0.0,558.5800895725428,0.0,84.34004627583899,84.34004627583899,1,87,306.71808832425893,1.8181629661140248,2.1386015557717557,115.0,85.0,401.406613226984,25.0,1720.0,85.0,277.5,192.5
00c54ca5ed2fdfaa72f352bc9e255f6e629d362a8c589e3e38386f5d467d4e94a1d1d5853d56836838021dbd2d4d1a1e425770d7f97919416783de44e7ff6b7e.wav,438,34.363285886549974,0.8388978884827749,-1.134021573247819,0.0,0.0,49.93351964899591,0.0,140.74715583479167,0.0,91.02373846714562,91.02373846714562,1,67,352.089552238806,1.8736526743922484,2.4734760689030004,110.0,40.0,509.3397461960174,0.0,2055.0,45.0,507.5,462.5
596cc731a283f2ac2021599a4f3278b2fbfcf1b269a3f40b1136429cb8530265ce1c1151e0288b164347acda4d08452e6e4d9abdb145e0965bf54cba2df28c44.wav,412,27.074480557396036,1.2090755046798485,-0.3314075882279534,0.0,0.0,46.41134075699243,0.0,164.9745971835517,0.0,84.40225171739922,84.40225171739922,1,63,253.18594104308391,2.590009719475023,5.154885437973466,50.0,40.0,527.0975317638341,25.0,2195.0,40.0,125.0,85.0
044247e337a7d1adeaa02b72ea65b709006e142c7d3e218bafc528c6a37919ec5108ed6f2d10ad7a1f9d540d6fa8f59c23ff919d0ce82855f28ef8070c1f9b8d.wav,664,29.263172243700023,4.449730122282452,24.34133569531018,0.0,0.0,78.74593200196882,0.0,591.0798845035528,0.0,0.0,0.0,1,101,161.2871287128713,4.5037979400343415,24.24205790687497,20.0,20.0,322.65885907453475,0.0,2345.0,20.0,175.00000000000003,155.00000000000003
035af4353cf29b9e28f79fccf9d0bd2ad8368a1e820e681a5e6db15fc455413523847d92ea9d468c1102fc6373f15bee8c86d43a98f8cf68c7645242e79572f7.wav,652,80.15995049556061,0.8009980789000513,4.291603206248375,116.7866662709049,0.0,71.16623200786607,0.0,571.1464464347075,0.0,128.9083645405139,128.9083645405139,1,99,84.29292929292929,7.793964831095034,66.04424270798128,40.0,40.0,252.38259606892456,0.0,2375.0,40.0,45.0,5.0
227f7adfb5f95be8d71c1d6d1747be2f8ba4ebc9008b1c1d132692c40439e472aed736648a86b8de5b73bf81c22e1d7c2c8df13e5d44b66f7b8bcf45b9e85dc2.wav,486,51.83795352568202,1.1328463162932976,1.9743487543626053,0.0,0.0,66.74142559624002,0.0,357.93593350199967,0.0,118.79290063223628,118.79290063223628,1,74,168.17567567567568,4.685892424611592,24.89606869002326,40.0,40.0,427.899153252578,0.0,3000.0,26.25,83.75,57.5
61ce3e715f876aaf9a84e8767e1fa95af5e33527518413cdb8b6a8988b975428543bdc0b097d75544bcf49e249910ebf744701941013a21c421c9b1bbdb0d4de.wav,431,71.17109891539222,1.4423833663778425,9.985776803123295,103.22740782368608,0.0,66.63252956932268,0.0,553.0018496447246,0.0,118.61371851961984,118.61371851961984,1,66,46.28787878787879,7.470076923857804,55.98306967527838,35.0,15.0,99.85713509225964,0.0,835.0,15.0,40.0,25.0
6112fe9b4a5c727629eeab65672cc3ebb036c0f9b53d8b20229dc6bd5941899d642fe5638b660964bf3e4fee40fed94137ec85e21f7bcd819db1a2523edf05da.wav,589,71.20975092080293,1.5016626227094387,10.20988883631517,107.48676042477568,0.0,67.17117498717528,0.0,548.8977926427686,0.0,117.0876930214684,117.0876930214684,1,89,193.77870053737175,3.9695187945573536,15.323164018046675,40.0,40.0,549.9841610197809,10.0,2850.0,35.0,40.0,5.0
562c3d553827f092015da48104b9cdc08ac4c65d70c994a4a8696fc356682d24e9783d09301b4518d00688f2b70fafeaf9027fbf599bdaf2b5eaee8cad67c089.wav,455,57.96180378030128,2.190357543588258,7.88073065237143,0.0,0.0,86.35326607337569,0.0,543.0471174136693,0.0,118.54386437651624,118.54386437651624,1,69,222.9099923722349,2.3274944158629616,3.882076640887073,60.0,45.0,406.6738819255929,10.0,1495.0,40.0,100.0,60.0
353631b855c29c04684a65c0a3accaa3abd05759c9906483d5cbecd0593da896f531b1a2e6899c1f6a90fd947f17baab1082c5475a35fc16c9f71f8dab90805f.wav,426,46.18200730424986,0.7529440110975981,-1.1330380496593806,0.0,0.0,62.95271420022608,0.0,193.66448099903675,0.0,113.7181085071276,113.7181085071276,1,65,501.2167832167832,1.4583364597719757,0.8808458279879146,185.0,155.0,614.1892723119573,34.090909090909086,2370.0,115.0,690.0000000000001,575.0000000000001
457e78b04023858e6e287daf6c2555d97267bd8a3e97b7d6fa29db5458875b3d8eaddeaf642a6483f991edb1e53f64bdd13c16f78b82334ea1808ba258da2748.wav,395,31.45947373106937,1.287646822140564,-0.0881617964234848,0.0,0.0,55.39087210229201,0.0,178.20720946959983,0.0,37.794486104919066,37.794486104919066,1,60,533.8815789473684,1.3225636002634331,0.378098769873723,130.0,35.0,683.701473292386,25.0,2345.0,80.0,827.5000000000001,747.5000000000001
21f45b5fdec127fff1848d1944c04dcac77b3f1e011313a47fcece5514d8f8f84eb847c733a78c9b2a44dbb825343947d0cbc267d613629b3ff9cbea5b36617a.wav,270,54.473804615799146,0.2080033051903676,-1.843653425632949,0.0,0.0,58.91348479099526,0.0,150.77943608352695,0.0,111.2508886118724,111.2508886118724,1,42,267.0238095238095,2.749883968004554,6.545674365703242,77.5,35.0,504.2793768431316,0.0,2300.0000000000005,40.0,180.0,140.0
338ac8982f86780d23b070a1ac63e53d1e136261b660c4ed631619d521f97f926d92195e409af641a2e65226bfc6d6cc15cc6b3fa6c97c2664a6807a6a756eec.wav,371,60.96978937526217,2.103956614876563,10.001688196938469,0.0,0.0,75.79516059731652,0.0,540.4299197442614,0.0,114.96856221526916,114.96856221526916,1,57,116.64473684210526,4.646650383273059,21.192606744825312,75.0,75.0,172.08078317235615,35.0,1060.0,60.0,130.0,70.0
3fb2f1e4cd7fca447507e34d799df1c5b9b30d6901b63ae6ce131f15650db330f93891811079cc4e8ea71780cd7d808377a83e6da8948320fa37ec281af87db9.wav,342,65.69163748404806,3.055536795974711,16.05470965240492,85.76071218954402,0.0,86.41175773151778,0.0,599.319866401488,0.0,112.2083186200199,112.2083186200199,1,52,253.98351648351647,2.29773481351322,3.7505972897718935,95.0,75.0,391.9338888099388,35.0,1575.0,65.0,170.0,105.0
5f24105815305de16debd15d7b0dfbb8b7c837f1bece0eed9d00888329bfc14526f8df5546aed78db6489faa5605abff6e343de8df547921a49e4ea183b24dd2.wav,630,47.80077456222066,3.59133402905456,20.677085543013614,0.0,0.0,79.97322139254541,0.0,599.1510073967223,0.0,104.26266644639946,104.26266644639946,1,96,186.35416666666663,3.030694090602917,7.892162619832783,75.0,75.0,339.68159046275315,0.0,1725.0,60.0,140.0,80.0
20c9858840bb8ce84db0879e78fbf4d9eeb1608ca3902408296ae0eb0263f33b52bb956cc7e73f2f66bc8be67a7f8bf0e2d5ca5a71d5b7e0e4d98331c339c29f.wav,510,54.740080882859885,0.1642102587415347,-1.7327110690924583,75.83557891767597,0.0,55.96568943052174,0.0,162.0998419070237,0.0,105.31552083308,105.31552083308,1,78,229.93589743589743,2.621230293190254,5.319659902253495,75.0,70.0,390.6934118265976,0.0,1565.0,66.25,153.75,87.5
0199488c79d452c6ae994973a6e048b48c210c91e1a0b9919afc6085f1b868824a85380af1db708647c7411d6ca30a71856cc284e391df75f46c3e4cce9ccc7e.wav,359,54.681586255598354,0.7500152029173875,0.4918377507326186,0.0,0.0,63.34404304105891,0.0,348.6367216405044,0.0,109.8523463934497,109.8523463934497,1,55,140.75757575757575,4.5406004009652525,20.6426250227504,75.0,75.0,274.9905082258751,35.0,1710.0,52.5,95.0,42.5
490775048123caa3d112bccda27f05e61a8f224f7a26aedc132b607fb9408e66d539ceb26c9df6301cfa2132531a316ed68ac63ec8265836e6268f6d8f0ce887.wav,606,46.89515871803768,0.3819612423493215,-1.7608957649215302,0.0,0.0,55.44570341131728,0.0,141.74855388278186,0.0,104.82560417670086,104.82560417670086,1,92,348.30533596837944,2.2779887622819994,3.517200061459852,85.0,70.0,633.8545329293729,0.0,2480.0,70.0,161.25,91.25
18e1d4cf963eacf446398fce601fb401eea542a9a197e19590d3cbf528927d53427b7a2be6465726a92728bbf60fc56dd7fe7c823a0f422b32dd942d0b12dbb3.wav,553,57.0420313122444,0.0653721700163965,-1.8918723716889585,86.9247738771815,0.0,57.45821630121441,0.0,177.57376066711677,0.0,114.34133545364442,114.34133545364442,1,84,198.1272893772894,4.156162334544794,15.599522980352152,80.0,80.0,445.6420179747033,0.0,2270.0,75.0,91.25,16.25
45634c3bb74587a3e726dfddeb8d436e3705a5980e1298b98dbed6c4b88734639d9a8da4fd03e02d33a50193fb5431216d2e0650ce5194455a5a798a51628562.wav,421,60.06375651194013,2.589592523802512,9.59055136644227,0.0,0.0,86.21642287808196,0.0,476.2097841102255,0.0,105.27371987876532,105.27371987876532,1,64,235.6640625,3.184530754281105,9.679957223683957,90.0,70.0,414.9520497024278,0.0,2065.0,70.0,151.25,81.25
0d6847cce8247b80a2be35ef0a6671c4976d68a19fe1a1612dd055da0b322186829b574afb0c0138a68a6f868ad3245bace3572865ad7d77937da396fcb3c67c.wav,402,45.48299349764272,0.5938055579774493,-1.2701270474042716,0.0,0.0,57.27610342812605,0.0,220.08891989591692,0.0,110.0923807209446,110.0923807209446,1,61,198.46994535519124,4.007174014703928,15.345201005594042,85.0,75.0,413.6275278466472,0.0,2245.0,75.0,110.0,35.0
073b2fa4547816fd6af640d779fe2dff8d83552e8c53666e064bd5cf55d5997dea79276581f2ac2f60d5341c1a0c101007e6699e34de39aa30866802a83862ca.wav,383,90.20557140970462,0.1454430942478289,-1.7374414312949582,112.57644406006868,0.0,90.6523758086923,0.0,248.02400247503795,0.0,176.03459843274806,176.03459843274806,1,58,292.0114942528736,2.6100292735921338,5.5822640764204845,80.0,40.0,548.6277516035514,40.0,2235.0,45.0,142.5,97.5
10f9768918681e0e2774b8dcea433e55ab0a46aab76453b1711e3d7a8383aadfc28fbac24577b0b2ea360b89aa0c24c9693a1ca5882606a125f6f8a129eed8d7.wav,318,85.63790795983635,0.2550339814229125,-1.5600774913919389,111.31635551655928,0.0,88.04290230363992,0.0,258.40632664887085,0.0,165.71155684154067,165.71155684154067,1,49,151.25850340136054,5.685075050078245,33.55118764103399,95.0,40.0,285.2678119928911,40.0,2005.0,45.0,135.0,90.0
5045476350f3832e99f097f668df6d968900d8e7f3e155d4dbcb57aea66cfa060bbaa685d66e9a5d6d1d3315e2c6867912ee1c8d27c5e01458bf105e29fe8ef4.wav,405,32.26779398252728,1.041331126357705,-0.6721658533787216,0.0,0.0,50.81830343639224,0.0,162.93484558997096,0.0,89.11043085661197,89.11043085661197,1,62,131.69354838709677,6.087769704545851,38.35105338825643,80.0,80.0,234.8162348559509,0.0,1790.0,75.0,100.0,25.0
088768ba31a58f2863774e2bec0ddb2387c3c765d788e3375bd770103d36ac65ff1630a4607c8aae307dcdc9875df3e1d670432166181b763ca973831fd2e8e0.wav,659,31.81565328262915,1.3050044353757906,-0.0380328552100754,0.0,0.0,56.632075975033054,0.0,245.61042537506316,0.0,0.0,0.0,1,100,338.71666666666664,2.926120026401688,9.086180894704784,90.0,80.0,586.7687342556691,45.0,3380.0,80.0,221.25,141.25
2e30c4b048c4300ce9ae93fbad3de330b413db8e69cced8c661c9e2bdc64a19080c061792fae53f8e2383d6242e575136101df7ad5b1156b9863422172ecbb8a.wav,791,34.157556436183,3.1379579274058047,19.97521404754948,0.0,0.0,64.7646682422929,0.0,599.7113204735734,0.0,97.57491332781932,97.57491332781932,1,120,402.375,2.043115100041463,3.672803806070469,122.5,80.0,592.1985739949622,0.0,2845.0,80.0,257.5,177.5
38c51c1af160d8fb790cd1a2c2eba053c6c38a820990f3e6c80be65712a4957af0356e4e327a3dec225366a7ab8c17562b74331d31f76faa1810ecc50f638eb4.wav,760,61.563043184472455,1.0433075621021737,3.991304380302617,0.0,0.0,70.8246421443605,0.0,550.5017527662839,0.0,127.16743466106534,127.16743466106534,1,115,282.88768115942025,3.807384734899306,14.472006551017929,95.0,85.0,586.5250434340373,0.0,3625.0,80.0,160.0,80.0
07e359b31df702d9af17aa529c9cdfe19c98b12de73ddf057de258b80a45f46a5829bb32c6ab6c8fa515268b4135cc0c1e863f1e7f2c4a7c5154d7ad3e762181.wav,705,85.74641064922736,2.234496682726676,10.297620529711343,122.1596985923982,0.0,89.41634524926006,0.0,579.2578265753468,0.0,131.83515512046952,131.83515512046952,1,107,256.3551401869159,4.925419106932892,28.039027705301653,125.0,135.0,472.18995172595714,0.0,3650.000000000001,90.0,182.5,92.5
586d155b407793c2c18c2ce5d3b09adc9fb5af9ffc97d77dc95765b7a411651580903572f47491fff320c5279d67a3b326974cf0e60c173c92e7fcf169476fdf.wav,455,80.2972563399602,-0.5799256087722058,-1.5820291030606344,116.85934835957184,0.0,59.16125712347455,0.0,148.95803268811997,0.0,126.27043725555694,126.27043725555694,1,69,123.50495804729216,6.125519010577324,41.614677196639306,85.0,70.0,140.22853525137702,0.0,1165.0,75.0,135.0,60.0
5c63bbd16f3e0beeab3dbfdf50fc061a81d262bebcffea1c21f1c2fbe1b7fe2d3566fd5c4f427e254e53b566a9543d21b37a7ebf6d5fb03309e352c2b965b554.wav,589,66.37462600451293,0.6787013970093149,0.2132697660022877,0.0,0.0,74.3348580492369,0.0,374.6523591818856,0.0,132.44144274160283,132.44144274160283,1,89,284.94137762579385,3.741931067691909,13.208672825701008,105.0,85.0,533.9125061898133,45.0,2640.0,90.0,175.00000000000003,85.00000000000003
139c11499cf3df8a7c12567299f999bfda2d62e3f72ad46c054c78935cd34076151f41e0da15e5517792dcdf0591dfa61a8c6942588e41befe004635208aff26.wav,445,47.45021852154714,0.7266762513687408,-0.9945386700071496,0.0,0.0,63.418588063077806,0.0,266.6044131798119,0.0,121.9370137345224,121.9370137345224,1,68,453.2720588235294,2.665219909369426,5.653488538140737,115.0,80.0,893.0699549119037,0.0,3525.0,80.0,221.25,141.25
2275c5f453240185750b7eac1533e155d8ad7be9a6b9095e5602a10ac9ec58c96d771e1f1b246fbc171b8a6c1250731e88e6deb28095d0abe48a14fdd16a8376.wav,294,63.05619482674384,1.927204624158104,6.388666438910823,0.0,0.0,85.03839454547824,0.0,473.7105523744287,0.0,121.3939768047564,121.3939768047564,1,45,149.69444444444446,4.602821469447985,21.268857557083592,50.0,40.0,337.84027656443783,30.0,2050.0,40.0,120.0,80.0
3cdad1eb77b0e34cd6618babb12ef45fd8959abcd1d892eac5dafb45a9aed54168ebe9119f3665eee74ff268a924224ecc8e542601f77913a8596af094cd214e.wav,395,52.513853936051625,2.695673109069292,10.9083651259468,0.0,0.0,86.87182154636159,0.0,556.1857981101011,0.0,122.04601683717114,122.04601683717114,1,60,365.3464912280702,3.517333284556832,13.21457834402466,147.5,40.0,623.1619111632409,40.0,3565.78947368421,82.5,306.25,223.75
1edfb3e68b14387242f4e4c2f054bf1f5eb9f12900608579f60d025cb698740ce28ac07ab5cebfea595660d779c08ae51279a1dd5f01826d1404249fe8f9d64d.wav,280,29.19908292244952,1.2405281685419391,-0.4274747851970573,0.0,0.0,52.18834015125786,0.0,157.46408163035116,0.0,0.0,0.0,1,43,400.0678294573644,3.3583955743065683,10.763293580870608,125.0,80.0,779.9974529243127,40.0,3697.9166666666665,80.0,222.5,142.5
5692187d31bf5cc9cfd70e020f15f10839874e102945bad8d688baa040750fb249e43eb2a40308050264def90bb232ccf7fdab396e2ac3513bd43adff8eebdd3.wav,328,46.84098387441533,0.461910817019835,-1.769795816076755,0.0,0.0,58.66294224199448,0.0,138.19697614232356,0.0,117.02718869614814,117.02718869614814,1,50,457.3941176470588,2.9828777146746828,7.909729938232822,175.00000000000003,120.0,792.2603771645491,40.0,3570.0000000000005,120.0,402.5,282.5
2449856e0f2faf5e9aab9e90071fe3c8d5d2ac1f9bdb263076f765157fe40814f580137dc36f8bcfbb5206f23b388ff76d4e9452482ea108d06d38fb1afd7944.wav,388,53.56247380062058,1.335003099284835,3.277823496574749,0.0,0.0,72.47679384432053,0.0,433.3404106087496,0.0,128.70855295199226,128.70855295199226,1,59,349.9451645064806,1.9634428088838936,2.995195432649557,155.0,45.0,451.5931971123899,40.0,1965.0,87.5,400.0,312.5
28308932526bd357fbace6b5f8738a2b0c6c98ee88643bd0e1686b4221f91dd82441dc283321b77e3d4c86e034114aad01cdf5bbce72108a57c7890bbe0b49a8.wav,328,37.376849501109454,0.9690089425023456,-0.99016098538178,0.0,0.0,58.87879775958365,0.0,182.04810925939168,0.0,116.59440448396282,116.59440448396282,1,50,445.7235294117647,2.551038945816795,6.359128259675657,125.0,45.0,740.9862692693265,0.0,3610.0,60.0,511.25,451.25
23644c71422da6f908730028b7867ffc69134cf32c715745954608247cfc60ea80aa0647ea6a6f2ea28c259c5a24bfb585c47a10437db3ca2d95f6874f2f7cbf.wav,438,37.13108349982082,2.828899225870147,15.730035448391387,0.0,0.0,67.6588433789725,0.0,570.9299436269479,0.0,104.94150975015194,104.94150975015194,1,67,498.9427860696517,2.484093680462479,6.011114032142714,170.0,140.0,758.5710165771634,0.0,3555.0,127.5,499.5833333333333,372.0833333333333
1fc96ae26b6c5ac8bb4333ad71ebd8fa9d6c9120867484c1c375d9839fac721a2e09930ed529cf72aa1eac3d68dc2d5fc90eee3410d37250009b07e58a6430e2.wav,292,32.28944725594555,4.622812483151309,24.590235276780653,0.0,0.0,87.27082738446711,0.0,571.0489797326054,0.0,0.0,0.0,1,45,579.4603174603175,0.5959510012548636,-1.0401561818142064,420.0,75.0,533.9732376190058,0.0,1755.0000000000002,110.0,1040.0,930.0
2112217a764121e996a285d30788d6d5133d3da76775e1575c5a3a49d735e6465c44b9153f522b617c2a7946dff049bdfc938e96821f8d2384c748e4d003f073.wav,534,85.98873249261541,-0.2204028926854349,-1.805371031245901,139.14162282289016,0.0,73.79428663307847,0.0,213.78986705688948,0.0,150.32090091059086,150.32090091059086,1,81,247.15663580246917,3.109013101170252,8.667024129712999,100.0,40.0,469.148389359656,35.0,2445.0,54.6875,190.0,135.3125
57903662681bc87af94e3d4fb15f1bd3315fcc9c29739735af8f92cf17f730a39caf6624d6e9956222f992d171dbe5fdd8e026dfe91512b2600e5922ded92790.wav,642,46.156634496987095,2.5915746869439653,10.450159326881131,0.0,0.0,84.76376707026371,0.0,556.9353435778788,0.0,136.58811188209182,136.58811188209182,1,97,273.40942562592045,2.874421656472596,7.114042008438403,80.0,80.0,564.3218469179119,15.0,2500.0,50.0,150.0,100.0
25a6425e10bc2f88f7705c8974a0cfacfcd72d023320ec4cf926b4201fd6bb377482a69e24443df6bb7cfba5d09e2d8574fc88b9bf691ae023fb9130bc004bc9.wav,942,66.92302132673643,0.3447057563056524,-1.786353302743516,0.0,0.0,77.50296796310111,0.0,210.14649972363108,0.0,147.59251405156502,147.59251405156502,1,142,179.06103286384976,4.51500731579851,20.726815515541197,65.0,40.0,373.3257075422509,30.0,2445.0,45.0,178.75,133.75
4978281fdbcbad7a5373104f9e7282ccad6628eeb25d7d9d6a564ea4233b522798945bbaee0ecff09fc90069bf7e2ce75d6d0d209074bb6f650fcdaaeb8c6571.wav,774,84.11025217313504,0.5743204417033522,1.4157476361630534,139.005390339774,0.0,83.0030353548499,0.0,537.7036630730602,0.0,150.09449196219686,150.09449196219686,1,117,240.761217948718,5.877664161378829,42.351363369183154,100.0,40.0,540.2587863833239,30.0,4805.0,50.0,195.0,145.0
47b113fa9de25d0d37a1ff8a49280e374857368609097b4110079408ad956e7a4f2eb129afc874077d8b1bceb6be7c6b68f40d0ff5f8a3d688d39929a50aac66.wav,834,81.38952058597536,-0.0368744021000944,-1.880860305613559,132.2218342742268,0.0,77.52691161737695,0.0,201.61036139057487,0.0,151.86364516324414,151.86364516324414,1,126,209.1170634920635,3.907295107841779,16.49010968514652,65.0,40.0,415.6986692516196,35.0,2700.0,45.0,178.75,133.75
5e33304391cc1711cd834d23f975bfc337cf77889c36434e807fcc4426a7221706dc1b8c63b5d68f851261936df9ef46a456137520ac63417117e3333eef8895.wav,762,85.90271596490959,1.7832004497681035,6.338257732329872,0.0,0.0,103.2622464815047,0.0,594.9315462225243,0.0,157.9626292175849,157.9626292175849,1,115,224.8095238095238,3.4305593923180075,11.241766692708756,90.0,40.0,422.4553775161466,30.0,2455.0,55.0,195.0,140.0
09a8d6237200ae1fc814795d748c13b52e3201ca151624c3cc1f678957671ee8eda4e9e70f2a89dc2728a1a93dd034764ae619e548ec89dadf713c4331dfbfbe.wav,486,44.36512305024614,0.7606959753844753,-1.1897478668779295,0.0,0.0,60.90916414886504,0.0,176.75123570772251,0.0,103.80854076765822,103.80854076765822,1,74,234.22604422604425,3.007484100258145,8.846818299009458,100.0,100.0,405.330793148938,0.0,2195.0,71.25,130.0,58.75
274f6f7621553ba6e80907de484ea2e4dc3eed9ab4f5f6b39477e8c8e41993acc859369e79547b4ce277bd7b8361c6e066d1f0595b9f19c4761b6a4df99f145f.wav,316,30.52751427332865,0.9717204052740962,-0.9444270032267096,0.0,0.0,47.74734785716296,0.0,133.93539870503542,0.0,93.04483304599258,93.04483304599258,1,48,171.72348484848484,4.613954095185688,19.51932436533032,30.0,20.0,631.3312105681475,15.0,3435.0,20.0,51.25,31.25
5c0eda67df6213e9cd4d92266f591da8a280425e1222a5bedc5f4cffad3202cbb41b1b0bf20de12e7d93f99fd7a03237c758938f0cfaa0c0598439e42e189f14.wav,306,72.9624608651625,3.0560545077969152,9.784833041920413,0.0,0.0,122.80746467691164,0.0,589.1659759907193,0.0,103.31798716967594,103.31798716967594,1,47,43.17214700193424,2.157013438989465,4.161097627032721,30.0,20.0,40.603683690732986,0.0,185.0,20.0,37.5,17.5
1ba95114f3ac6b3637b05b356a3094d49a524d7d230869c1e835d00f9a12214d66651dcc596f8d8d016571272a6c5b4a2ae488b24ef6170d91d0bd30cda8603d.wav,421,45.53507564931959,3.352189609921235,14.413859500794548,0.0,0.0,86.09061403553065,0.0,539.127101756313,0.0,97.91352855657136,97.91352855657136,1,64,171.34114583333334,4.727141229859412,23.21797443884489,67.5,20.0,467.4859720393203,0.0,3065.0,28.75,95.0,66.25
109e121c7559b61a281bdf57a5f124e3f0371466a206297a4e9faadf28dedb4b9e9bb142693b4ca76c05a72d94f46f909d23d28c41d3e2f7d21897d9b61a820e.wav,373,38.861409096124575,3.916558586838568,21.908676284542672,0.0,0.0,78.87254531043057,0.0,583.4679580859482,0.0,100.60237948616404,100.60237948616404,1,57,132.4966261808367,5.951976036426023,35.88347507012983,20.0,20.0,475.0161592142121,0.0,3365.0,20.0,110.0,90.0
30c5abf4b694e6c8dac59786c2fa89ac1b3877136924f14ee674cc4bf9998a1b5e57232e5a8967836761cbf4fe95dfd47c25712155b4ad861ac0977bc0507fc7.wav,652,53.730641539800914,3.3776062521712418,12.104007339585744,0.0,0.0,113.8480812852862,0.0,594.0002754013321,0.0,100.3037763228308,100.3037763228308,1,99,66.81818181818181,4.933838822967968,26.964671466305823,30.0,20.0,127.73760697256724,0.0,950.0,20.0,65.0,45.0
54d8bd5238fea445d55ec1b65794a26830762272687f82d6e8768a92c89de730e218711be13ba3e23555758620e7e20f35b566464b5da76e10a12041d475676c.wav,323,39.04995876942633,3.763038610227091,15.515268337569214,0.0,0.0,95.46847716008136,0.0,539.4116864583724,0.0,0.0,0.0,1,49,81.44132653061224,6.346380653452809,40.07155988792182,25.0,20.0,222.5784588537024,0.0,1590.0,20.0,80.0,60.0
4dcc61a2cd772776e30789a9379a36d45e14610e88ca5858f4c0327e6b34a3f31b496c092b02e1c8a17ff898ef01080f55c6d9bacfee8060ab6240f3f10a2902.wav,659,59.816010784505,0.8666895497067693,2.026636306986326,0.0,0.0,67.90434151101994,0.0,468.33034716958326,0.0,117.95172935792256,117.95172935792256,1,100,115.82777777777775,4.649151328966525,22.871713623094045,70.0,40.0,178.10921353047527,27.77777777777777,1240.0,40.0,122.5,82.5
29b796e27733353c5e875dfc8b67ed93749b0de6f7d0969cb5c55459bad3f67cbe749dfc68cbca3b26051f13f3665f412626d07adf6080b54d3778587b5bb61e.wav,388,34.416809948308554,1.1512324457760623,-0.3535289215311592,0.0,0.0,56.19652953287712,0.0,179.19539010153213,0.0,100.15416755303636,100.15416755303636,1,59,163.58923230309074,4.708429830015247,23.807397585324363,45.0,40.0,376.93797235073794,10.0,2490.0,40.0,92.5,52.5
25549ee530a18afc2f93f072483315065982455da8dc139559aa2df0292d44b2d8433b68c8ba668d3522ba58e69c3f2998ebf41fa75bafc9605d231f5c3e1f79.wav,534,64.16581341746767,0.9966762797292028,-0.2378288812623776,0.0,0.0,92.23537654848946,0.0,411.3343065434033,0.0,165.33840424151495,165.33840424151495,1,81,546.3348765432099,0.697370654595518,-1.479203359198913,135.0,70.0,621.4971264407092,0.0,1495.0,95.0,1395.0,1300.0
5436873b0783a48f4b79ab27faa588b44a41c42c63e4d9f8d8da549ff0c7e7c98d6182f59576a1695dec0f7a62961870550d2db639bb5a76e1c9108c0b9dc1f8.wav,654,68.81090355527193,2.9029700220940704,12.541098358301092,85.75114107259549,0.0,88.54179331199676,0.0,596.6753271060461,0.0,96.4081662751964,96.4081662751964,1,99,231.08585858585857,3.427480064683627,15.524745831010886,190.0,125.0,198.41262790238807,0.0,1410.0,125.0,312.5,187.5
099cf81ebc68f9ac0619a75d8b5bbf5c74f5bd36126f75290424ee040b00a1965a52f9c358990e899c77ce98d1a383e8868b7b04f6c8c8b9c16e95627cd593c5.wav,285,40.628271024292445,3.2957008921699047,12.509145110750651,0.0,0.0,83.37752557491291,0.0,444.317573159742,0.0,88.44263266427308,88.44263266427308,1,44,338.1818181818182,0.9954879587595132,-0.2924992626694367,147.5,60.0,350.4333208995604,30.0,1225.0,60.0,651.25,591.25
5f31881b78fd1842c072acac299532f910e9186582627343384550a897d1e984e0ef5e471895646154da901d6f3fe87b8ae681ab04a6e5669e4ba858ea2596e5.wav,282,51.6385902529887,2.7160543763021843,10.435453423704155,0.0,0.0,80.87229907597698,0.0,463.00001353679096,0.0,106.5914830341914,106.5914830341914,1,43,533.1395348837209,1.731405383030712,1.3210964276718444,175.00000000000003,110.0,798.7417599791985,35.0,2845.0,115.0,227.5,112.5
2d39b1edde258a417b8d174c2802ed6d158db0263b02758c34ad8b9c66e6aef21851583f9571f0c8cf4de026b460ed44d78436083cab80462a1d65089e94dc9a.wav,628,41.15394684135353,0.6803406520732418,-1.4589743544564675,0.0,0.0,56.5072477459428,0.0,169.75874186025618,0.0,107.9072181754338,107.9072181754338,1,95,277.6656346749226,2.6878460005180087,6.681116156536614,135.0,40.0,400.6475813582754,40.0,2000.0,97.5,182.5,85.0
4704ef043a8fd2220859c8d0b99951915a61651007fcbbda20516c57780ccd4da413c5a2093a665686545dd0ff8bdfc94c96b2d88fab087021b4c8d09627f97c.wav,611,70.24415892579553,1.1041967344719692,5.752449503990542,99.70656788117668,0.0,67.461793479378,0.0,497.7470139450224,0.0,117.16805976841954,117.16805976841954,1,93,123.77688172043013,4.185803528961317,17.556053708046626,40.0,35.0,270.7372438201875,20.0,1640.0000000000002,35.0,65.0,30.0
64755d4b24cab4a0ad4eb8fe7b8d1cc169ae501a14b85e03f2e023a88bdfd02604642c09747b2856ac87e87ef4ac86d44232660c4e779f3da9831201a0696002.wav,520,62.12355401493258,1.1939725798482392,6.765460140538085,91.1720479349585,0.0,63.07079737681924,0.0,510.2472752806384,0.0,114.39092589427102,114.39092589427102,1,79,151.59282700421943,4.480111020694708,19.21209124829617,45.0,45.0,357.9213653305446,20.0,2070.0,35.0,85.0,50.0
33d6e13dd425bb1b89ce41f29870da5b15fa788371dcb9380bec50b0a322d0beea58acc62de004f9ace7ae338412859deaaae57a5b0d1aac45326e9933c08078.wav,810,60.621564563059536,1.781907276315138,9.635966780910612,0.0,0.0,71.5682972114684,0.0,577.7330383215177,0.0,116.77025532331052,116.77025532331052,1,123,136.9918699186992,3.9992021358626575,14.760570424363213,45.0,45.0,332.88633026453823,0.0,1700.0,35.0,55.0,20.0
5ef08986d1a530e25023a19a8194f45217bf573c48857663cefa354c829993d6ede55c4978b51de4d108ce36afe22f0b7f5b52b173b60e4d28118ecac434f9d2.wav,256,39.89681896454381,0.857641677414433,-1.0964346655982098,0.0,0.0,58.26924478996326,0.0,172.93583693421024,0.0,102.8633536891428,102.8633536891428,1,39,115.94988344988346,4.820278071556087,23.875935229537,45.0,45.0,238.592824709477,17.045454545454543,1470.0,40.0,60.0,20.0
549bdb3ba61e015048ecf38f00ba2278270187710b40096b4c20dda0e4a0a43328f279b89e1b1aae8c2090acfcf13a6aa6aa3f3418833ce44bdeb2ed62396fb6.wav,486,62.132718185751465,1.652951129719177,9.797584553352246,0.0,0.0,69.72023745674859,0.0,577.1227962429188,0.0,123.48650367143053,123.48650367143053,1,74,183.02825552825556,3.227524808522735,9.16588653775139,45.0,45.0,394.7982868174519,20.0,1805.0,35.0,85.0,50.0
11459f27be3afd4aa3a68c8851d77c1049d634a261bdb6b72948e8f48665a8ae610d9ed56c6b7d4f2b63e61217a181d0e02e7590d9f1f205b87b0dfe39ffe58d.wav,484,48.12245682092981,0.4430379928068531,-1.6747343970298716,0.0,0.0,58.195080150780825,0.0,173.08579423795928,0.0,113.48464398419296,113.48464398419296,1,74,131.52027027027026,4.356924766510626,19.298761143184763,40.0,40.0,308.779971071736,15.0,1845.0,35.0,60.0,25.0
61bdc9d3fc63fa4dbcb0eaabac11ed5a229a256c57fbc9d48418db6e2ea8061521d4a4b06c1bc6a1d34a017808f4c25981e57a7c731a7db1379d41408e708cb4.wav,440,69.40197818325915,0.1582508481516541,-1.709653100378839,88.88188251031637,0.0,70.38563798182675,0.0,195.95902219497725,0.0,128.38704990016737,128.38704990016737,1,67,89.82587064676616,4.528256644468184,20.468545047617766,40.0,40.0,184.04185440590425,0.0,1060.0,25.0,60.0,35.0
077437719923d7fe1995422adca619c3438a6c784ac1b84d95621a43fcf81e19b7bd50a456e22b3c560af991defe86929fd8173368ff89df8914b85fd43da3d6.wav,647,69.56203291145927,1.929410066898848,8.823900633286108,0.0,0.0,84.56684604265938,0.0,597.9327495497946,0.0,128.38289738233777,128.38289738233777,1,98,282.2230320699708,3.969101500449384,15.073157125109606,45.0,40.0,811.6541724493546,0.0,4490.0,20.0,147.5,127.5
6425727cbd5a2cb4f9a5d6307bd06159549d6cb4e0086d2aaacb2542974ee1865f77431c451405c808125e81ef61978673af6d40a9e66c858df5cf05a10defd2.wav,438,57.17811463855208,1.983734205047191,6.606371790374107,0.0,0.0,85.88381404692294,0.0,519.9755477666713,0.0,122.76908392215977,122.76908392215977,1,67,46.64179104477612,1.8579716683884064,2.6518980027365595,20.0,20.0,47.10569300212098,0.0,205.00000000000003,20.0,55.0,35.0
52e9d07f27474aadad1f1c1ade512bfe9e2408cc67893633d27560637b2a37117cf3eaf55313218f9b4f9e88a8ca5b1e3fd65127c103fcad84647af5b70b6584.wav,443,61.25665095998831,0.2737827989608923,-1.7199375887423272,0.0,0.0,67.07489012757775,0.0,184.43634330534476,0.0,124.12155351518196,124.12155351518196,1,67,94.78544776119404,1.5862721681052738,2.244983289735001,45.0,40.0,100.7155227061778,0.0,455.0,20.0,125.0,105.0
18a49209e6d2406bbd4097379986a5535c39072b99591d94343b1e66aefabc3b18cadd6ee4b7421bcf25b5cfc04aa00241a079dd5d925efb03b92cbdcd621152.wav,745,65.3916857902855,2.549905142863558,9.680363801984711,0.0,0.0,98.91400489730556,0.0,591.3685534774778,0.0,123.83108802839136,123.83108802839136,1,113,68.5066371681416,4.805835909325412,32.43209424028541,45.0,20.0,90.27855406022316,0.0,781.25,20.0,65.0,45.0
47b38d790412a07754c2b3df9a1f897d73120bb6e053da5c07768ff3648de9a6d35df81c9324ea6d2578c3b391505e3793632668183f7b29ca96a1e918420e55.wav,678,108.12267574882496,0.2188117297719346,-1.5784571990183685,0.0,0.0,112.7224458102108,0.0,461.991774016913,0.0,209.70501864416855,209.70501864416855,1,103,156.57766990291262,5.454974227200552,28.304238903097747,70.0,20.0,447.71723998199445,0.0,2725.0,25.0,130.0,105.0
26e65157d214eac9bc6be4dbe1a3ce9a051651f98d8e3aad756a8615627a248c49149fc24c20a7bb195712df8da3d9cfe4c426abd727a12ea6563fa496313eef.wav,520,54.740271999028685,2.0869763810267488,9.459729400643685,0.0,0.0,80.69379683081947,0.0,596.549775292221,0.0,128.92834222698224,128.92834222698224,1,79,296.97257383966246,3.188752384650693,9.796237654705909,40.0,20.0,742.8802139360364,10.0,3715.0,20.0,90.0,70.0
5e1f766062e4bfdf202b953c7495dcedd2005da9bbb57dfc9d31c9a73e7c276d996db8923e9afab6d57e37427e2277eb79d4b3ced5e565d6674a8970400f769a.wav,971,49.39291376890832,1.5897902468597984,5.019814701922295,0.0,0.0,70.96618068636586,0.0,526.5502494091484,0.0,118.16638781499394,118.16638781499394,1,147,48.91156462585034,7.405722558541602,62.256740873581904,20.0,20.0,100.48947724178616,0.0,1015.0,20.0,45.0,25.0
2e50f58d5ea12df50360b9eb65d32fe8b565bdfbe172d4dab118697f8f0521314940f4dd1ee1ba36ecf2286d6a46e3c59e02a2ca96a9e9657d11a0792d96afd7.wav,201,58.67637540950372,3.028526902493703,11.240015265428564,0.0,0.0,106.93093487719476,0.0,573.5253227766099,0.0,118.7521002952744,118.7521002952744,1,31,780.2150537634409,1.85070167875398,2.2273340029916087,175.00000000000003,45.0,1281.419026227162,15.0,4860.0,45.0,860.0,815.0
57794c73278a99af6673436d4c29daed9e9dbcaccfa3667c9250052b1c7dc2707584ac762e0612564cf43c7cd2e5b015f5fa38d436035ddc3e0c8c4da9b9a233.wav,285,97.39890261093068,-0.7925317141491979,-1.108818293535329,125.29304214317224,0.0,62.57256239405788,0.0,186.7437939578611,0.0,140.49683652005518,140.49683652005518,1,44,178.86363636363637,3.878689687444045,14.02432684556349,42.5,40.0,415.65783518467833,30.0,2040.0,40.0,105.0,65.0
106a42779f97039358ba2a0abd6fbbaacb32b2593905ad8b644fb98a6dee5d8297fe7e59a1fd35bec256095729d9ad3edb4a5ef6007cd66eed669ca734d5cd85.wav,548,55.13282036122369,1.8897845428509907,10.35415302648021,0.0,0.0,66.65152474787443,0.0,550.0598946020519,0.0,109.68891826073562,109.68891826073562,1,83,41.506024096385545,2.7520301097927065,9.388877734715006,35.0,40.0,32.20543001958532,0.0,205.00000000000003,22.5,45.0,22.5
182e440fc1778700de1dd144e1887c99d115508184205a27dcbb5b455ebde317f4a58538b9523df307a66a6610dfe29bcaddbae4ce42811330dffad44dbe306e.wav,373,30.97054449272709,0.9067068887656028,-1.08589622954093,0.0,0.0,47.13437586416264,0.0,130.3034838839976,0.0,91.81997498232128,91.81997498232128,1,57,342.7125506072874,2.2260756649353315,3.904266334407894,90.0,0.0,564.8189189431974,0.0,2295.0,45.0,385.0,340.0
3649672504bd576e19db4af48eb64450432ff668f5f0b9f8c1eba88f3ee2511f2089ab2d4ad63b6a39a653bb0e5b6b37ae8ecbc06ca48517b93b6a5f5e0e4966.wav,534,69.97825411555743,2.0350250385393824,8.901567271889604,99.73093745772324,0.0,78.7091669765836,0.0,491.974547473018,0.0,115.69613575822962,115.69613575822962,1,81,126.09953703703704,0.6423587489518574,-1.226459057171164,40.0,35.0,111.42697195416903,10.0,335.0,35.0,205.00000000000003,170.00000000000003
35de81eaa59fd583dd0ae470f7c1014e96d36fcb4cc04bbf643a5ca3fcb21f8c8f7432195dbe25405e800d63be3204f3c2f685a7cd42a60fdf010238d0af6486.wav,901,65.43175270200923,3.673861941430184,18.53012811607317,83.6219162982029,0.0,84.82569373437208,0.0,560.3362172331507,0.0,93.82676366354082,93.82676366354082,1,136,157.00980392156865,6.431846693684422,45.82906992836195,65.0,335.0,281.2351751827859,15.0,2335.0,55.0,180.0,125.0
5c982b7c34068a3bdfd05f11e361b9261beacda669425017ac81e95b2f5dbcaba11f1bfe773e96711ee436c7a875de86ff5e56e6d7083d8ad7ef3ae4e0d48031.wav,743,55.76427436284878,1.5314465603188665,12.181832467999635,84.44698597212953,0.0,54.57191490527326,0.0,525.9729002357888,0.0,96.68128610605063,96.68128610605063,1,112,154.04761904761904,5.703959478029978,40.82662351836036,60.0,335.0,257.87379579519734,15.0,2280.0000000000005,40.0,170.0,130.0
4430257bdaa6d1082cdc56736d2d0b729016255714e84525ab4ccb234eb112b2f5cfa154430b240942a2e9eebe202ae3c6cc5df74572b8dbb4ad4fc636b380ba.wav,534,39.03944267022207,0.4739260750886196,-1.6991379963954312,0.0,0.0,48.51982856548265,0.0,132.5774258591482,0.0,93.08123552598224,93.08123552598224,1,81,187.35725308641972,0.102222090231736,-1.777757920270721,165.0,335.0,129.81858380990053,25.0,335.9375,60.0,335.0,275.0
3190c2ed9a38fccda6d6bdb81af779fb4b38ab358dfc466cf32f435c08a84edbfe900b1f4716d412660fa05350323f47fe600e5e5b68da10ba29870072e02d02.wav,484,54.134488314316656,3.51594887164317,14.00355992546087,0.0,0.0,99.91128821029064,0.0,565.0107550991299,0.0,90.83820071224794,90.83820071224794,1,74,160.23648648648648,0.4751711150732237,-1.1110779369901196,160.0,335.0,126.9351351423284,15.0,440.0,40.0,329.375,289.375
5373ad119dbc79cdef3dcf7a42a7af17c99090504f827c0d70fe800e80900d209d8387c01d70a2bb23e521c9815d7c7ef240dd7ec0d4396f04ed7293e800858c.wav,702,22.833352350659247,1.3845199583522594,-0.0181861077923239,0.0,0.0,43.11558353473271,0.0,125.5928819124383,0.0,0.0,0.0,1,106,213.9420485175202,-0.3563047959713927,-1.8072266837570088,335.0,335.0,140.98948389863898,17.857142857142858,335.0,40.0,335.0,295.0
197d7a70f0412c98cee190234203b6d55f0d294f51de6b4a7e6f51e0053555b689ea3e89cfa86f11bab7a490368f154c293c916405bae0deba0af975a03f0aa7.wav,402,38.70319953941518,0.484745691509107,-1.5819887531097558,0.0,0.0,47.26046956537778,0.0,142.8886513945091,0.0,86.55203204226635,86.55203204226635,1,61,210.7103825136612,-0.2810774463242494,-1.738061793003545,333.3333333333333,335.0,133.22483940285167,25.0,335.0,55.0,335.0,280.0
433a4ef65e30182754be694847af2032beba719e5c0b2e41668bab6cf8c3c1c41b0ff66da567ee4c248d1cc5e01e37708a95fde7a69d931b41d48914ea893938.wav,316,50.57301372130031,0.1616761148130762,-1.6412856169439394,76.30760165828426,0.0,50.9635171503585,0.0,168.4405406948027,0.0,94.8306098140238,94.8306098140238,1,48,172.71306818181816,0.2600261246837009,-1.8634088058990976,65.0,335.0,139.34906232363414,25.0,335.22727272727275,43.75,335.0,291.25
44d8c469a7593e7064d33646046c00404dbb7cda4853a27ef0a4cbf675b807256fa4a20aade4c5e71e5f4c66af0d80249b5d3bec2f3cd7c8611f0c3717d91da3.wav,486,51.52443858762377,3.893860886704122,26.10007121989757,75.09238533185578,0.0,70.12774391127023,0.0,576.7468712603161,0.0,90.78875342796394,90.78875342796394,1,74,196.01351351351352,5.512165542015938,37.468686313424655,162.5,335.0,270.6960244540411,20.0,2195.0,55.0,335.0,280.0
5d50bdd13e739a7465a88c2adb2dbeed86246deb6c0171d14dce639f85ae3134a7883a24ced36cb85af699c7c5f26cefa9fd8aab4dd5baf4e62820602bd07999.wav,436,80.91453623265001,-0.1022019514930276,-1.865798546397549,125.54818156570298,0.0,74.44107082741279,0.0,217.2600188391235,0.0,151.11273394575534,151.11273394575534,1,66,175.19972451790633,4.410462338928968,23.13461594016548,90.0,85.0,260.8641667679857,0.0,1840.0,75.0,153.75,78.75
611ccbaf38484a62297c53be75fa23a34724e16a0afc6d3ec3aa6db13964d4f3472905d5321cc489746f2f02a5c8deecfb875ae4afaffd7cdc8e1acf8824270f.wav,520,86.38840307197347,-0.2203781272773943,-1.6681732815986905,121.3574218351595,0.0,72.08214402164829,0.0,202.17629645526816,0.0,144.9965770753611,144.9965770753611,1,79,239.2932489451477,6.607088486438055,47.820434231577664,90.0,90.0,634.6414440122386,45.0,5275.0,70.0,125.0,55.0
35d37ae8a565bc0fea22d10f2c2d8c945cb1457270e0989a9c1f6d3921995eaf69634edaa2a5926912f13752a9a223084d8e321dc4a22a5c0e1939b9925ef20c.wav,368,70.57525294226195,1.2332285924963189,4.978927857345925,0.0,0.0,79.73641804367814,0.0,552.7744309710768,0.0,138.19542731896922,138.19542731896922,1,56,303.01339285714283,3.933283532471875,16.514375622988037,87.5,45.0,674.641678073513,45.0,4075.0,69.6875,170.0,100.3125
64d475141188ffb892deb3aac15813dd6318df35eaba4b4309a8c5dc2a016df9788790d1e6e9502e6091cd3ed5ea2d371d9fde1b04231425d4ae99c8b4cb0959.wav,707,63.19681739129729,0.334766440650076,-1.704445004906143,0.0,0.0,71.44522328126729,0.0,203.2856008547042,0.0,134.44094500017806,134.44094500017806,1,107,175.93791722296393,5.238767949476728,30.59505482819536,90.0,80.0,338.3168639139282,0.0,2670.0,72.5,135.0,62.5
13f87554cbd8af8976c0c1477974fcfbf53d9f690f9e9a04c08edbbd06eefaa7132509ec30bab5f75d64975ec0cfc2afbbb2ffa365b82b20d3e9258e13ec5fb1.wav,589,59.53665861181089,0.4984006173436143,-1.6268038119614157,0.0,0.0,74.07053701583017,0.0,197.6421362008873,0.0,140.4459871150901,140.4459871150901,1,89,219.31851489985343,3.742092135325469,14.216393645874607,95.0,90.0,387.5140346739948,30.0,2140.0,70.0,145.0,75.0
0c07aeedadb1aea8220e44c8276102519a56ec77f6efc1eafbd2fe20077cc97268175ede02a537f09163d6280cf0aa84bab1a177794b1aa7a1ac082004d5b234.wav,541,58.91971485361054,0.4758323325604635,-1.50413016303617,0.0,0.0,70.53645432423124,0.0,245.2876756476009,0.0,130.79721291942076,130.79721291942076,1,82,230.3252032520325,2.9527267406575395,8.069169569689588,90.0,80.0,374.00250704060153,0.0,1825.0,75.0,173.75000000000003,98.75000000000004
4805365abe41b234ace7dfb74a8d276c29253cb9e0d283df63b3a31196152fa6b7e6b3b886afff6e98ac3557604770594576236e4a26082b167cbcccf29c695f.wav,397,80.63474543040748,-0.0154661767883112,-1.7599251853725006,113.65184753871546,0.0,75.32579579467769,0.0,201.6735028866991,0.0,143.7382188846959,143.7382188846959,1,61,182.78688524590163,3.5382237471211484,11.356279410038884,85.0,45.0,352.1194895344057,0.0,1735.0,65.0,105.0,40.0
0f479949b1222d03b5e9bdefaf0481b5f567744d3be53ca9453192df37dab8fb685e83c40bf2f5ab100d5ded9da26018a7aed3c788df6ef75454a25bf91a7255.wav,373,81.42019116420316,0.1205837940689623,-0.7230380672270682,107.81828868059314,0.0,70.0305262999936,0.0,306.57723442086103,0.0,130.08439113635697,130.08439113635697,1,57,242.085020242915,1.858025388823583,1.5156997739199207,60.0,35.0,410.9507195048592,28.846153846153847,1245.0,40.0,110.0,70.0
6450f7d5f089ca473836172137cb4c1014639182682ed33642bb16f919aac7c62bb2cc69b7dd2cf3739cdbeda09bf589b09063ab81733df1d446692571ccada4.wav,198,51.85629487936208,0.0199457623222839,-1.8546035369504583,82.63602915936636,0.0,50.6147492328557,0.0,134.05059671679496,0.0,98.4615238042806,98.4615238042806,1,31,244.1935483870968,1.975842687997301,2.2271518518747757,45.0,35.0,451.32796310549753,0.0,1635.0,35.0,90.0,55.0
06fe29b0aedb9cb0f11f5b6a81fceeeda822b01d930cb09ce55ed3d4fa3aa034dd1ea194ff0ffe6bf0edb4dc0e5ddcd7002700366f9e5da232585b6dc4b684aa.wav,292,47.11723610081194,0.8524648715549805,-0.7076291797177698,0.0,0.0,63.53523495682376,0.0,215.43619209188185,0.0,108.01572764536208,108.01572764536208,1,45,169.74603174603175,3.3215976565162766,10.387541795562212,45.0,30.0,338.4089475357216,25.0,1580.0,30.0,100.0,70.0
44955ff55e2c17d763e9a3d2220db03c684f680f2f80a8696a0e071cdd1ea333779764721f7063dbb0a68feb35bc751ae324cc79d2925a0a1bc9626dedb20a90.wav,306,66.13173071440455,0.9198045500752832,0.3583329692877171,0.0,0.0,81.01340277828565,0.0,363.7942599360158,0.0,132.8830814610873,132.8830814610873,1,47,258.23984526112184,1.9704759527434987,2.666804707317869,85.0,40.0,393.65465153578833,30.0,1555.0,45.0,200.0,155.0
226ea3811b68d2ae0d2363a200282babec839381fd692b7fdcdd502b6d40351289d24e273da924194db231ff3e09774988c354fdb89e86d9d8a6392847f1a817.wav,767,72.83160470931847,0.2771787046442953,-1.2943230974105877,95.33869149935732,0.0,72.07512642188348,0.0,245.2276772441012,0.0,132.97749829588196,132.97749829588196,1,116,138.98091133004925,4.187499465844741,18.471629651560885,70.0,20.0,265.76454454068727,10.0,1655.0,35.0,110.0,75.0
2cb0ae8b872cdcc7d975886b42c32ed45159d263e8765c9b2645e1d940f74148aaa5817e18837a35cbcdb42d6a2fe295f4707d97c8a5b091b9e472fe59544d5b.wav,455,28.05746484107201,1.311749330140891,-0.2080576770187181,0.0,0.0,51.27227746920095,0.0,145.20482278760215,0.0,0.0,0.0,1,69,213.53165522501905,3.154548831409432,11.01219159722378,80.0,45.0,286.1540478096327,40.0,1665.0,65.0,315.0,250.0
1233632f47f662138901bdeab1d0ff445f6c588c7987d26f10f58365fa0c985923ee45c3b2062146f41c3efc452ccc5f8772b3a12ae99525b7b3f6465ec4925b.wav,359,48.83039819100112,0.3040930926664249,-1.8245109503088004,0.0,0.0,55.65849177656799,0.0,138.1380143383605,0.0,109.09157440312208,109.09157440312208,1,55,296.7575757575757,1.9575204134751172,2.3382013990762367,115.0,115.0,406.8427857804508,0.0,1665.0,82.5,197.5,115.0
1a04c4083da592896b488b4316cf307201ade7526eb2415900bee103c4bfb3046ef6e9dc43361c49a4de133727138f87d18a3af6f10282db3e0fa893fcdb7aae.wav,476,59.5948296765605,1.3327341379935314,3.81772413932508,0.0,0.0,71.24795846796923,0.0,455.7698822697028,0.0,118.90001461508126,118.90001461508126,1,72,338.5416666666667,2.6429339821783624,6.146210346625523,142.5,165.0,534.9632889143994,0.0,2600.0,100.0,192.5,92.5
51fbd1549c4eb50aaebcb375a15a2898634e1389e3a676a8ed43d5bfe3ea249e08d273faae6e2446f6ca345b74c43c22334f29fbada213259a304de578f00d07.wav,347,76.60211896328975,0.0392708047377673,-1.2514243026974698,105.37136312168194,0.0,67.36986893224126,0.0,240.83583220783905,0.0,129.57208093320293,129.57208093320293,1,53,224.0431266846361,3.790387633422287,14.40107104303005,90.0,85.0,420.3382795108088,0.0,2345.0,85.0,115.0,30.0
19982fbfec791651a0b3de3ae69dac8fce179bd4167ef5387e78e1d1f88487f1dec323036e31e6ab7c54e45f29abe3b591234e36180a746c837ba157a1dcc76e.wav,714,37.683988130643705,0.66473516143237,-1.3898097407643222,0.0,0.0,50.45609521346806,0.0,168.37482731256597,0.0,95.58577265215165,95.58577265215165,1,108,349.9450231481481,2.8663929949632143,8.299667491876768,65.0,65.0,749.3692211804562,0.0,4330.0,45.0,111.25,66.25
467a081891e43671a7b8deb041f28d54a0a1635309639a82b56453f531c2dcb5d398f218c5414d7e5cfb3f9da9b0004e9c411d3bd8c11d1447d83fa0c8d716d7.wav,486,44.90935130178327,2.5505493406962656,10.363808287907748,0.0,0.0,76.70250524160231,0.0,535.2030196298778,0.0,99.21701702539404,99.21701702539404,1,74,521.8918918918919,1.6835309412843622,1.2632727235856578,100.0,70.0,834.1254939539903,20.0,2900.0,60.0,540.0,480.0
49784dae521f21c7adf2a3d3d60b6887c18be3bca38e041c8626d56a05ea4410777196a4194e44c11eb225a7b74809b5e68808f400f03f0d1be8290480714726.wav,407,71.00571260651782,-0.4066098591693752,-1.5535992374730914,97.2522498087853,0.0,54.29592995679411,0.0,153.0438193507825,0.0,107.77629173015046,107.77629173015046,1,62,239.9135944700461,2.7660993669025395,6.303898911707995,67.5,45.0,487.6228373012469,30.0,2125.0,45.0,100.0,55.0
55ad091312bb68e34ba551e270e780355732832b8aa4f64d341478e7978b9731066cc4d2be9000a8eb9af95b1e4b16e84f4e178fb9ebca6784c9ba12ce081f15.wav,347,53.24860939672665,2.15631349492755,8.888863095953702,0.0,0.0,73.99374172229705,0.0,523.1048239735352,0.0,103.92599325645978,103.92599325645978,1,53,272.46630727762806,3.0524973453283697,9.20818734228595,70.0,70.0,510.3761545548468,10.0,2620.0,50.0,130.0,80.0
4316471fb221d4514feb68355fd28a577afd07071483f78e6b04336f1165d8b6e4b0d1eb5ca9ff5c1e216a305f5def74e40cca00b501a5e510924b8d6ee9b66a.wav,498,58.15999859144281,1.83860063058696,8.056954904787318,0.0,0.0,75.05497438041866,0.0,564.8349959063652,0.0,119.66112779230652,119.66112779230652,1,76,285.17543859649123,3.328020940558964,11.065693291794242,67.5,40.0,597.5211084717025,10.0,3365.0,40.0,170.0,130.0
319a8c29714726dfdb71407d120f9d37f764bb93694ded615fbb96d2a675a78ef32b51789b28de935c69ee9419067883012c6f093ed655d64a4fc5c83f9e4f0f.wav,347,39.83199294707746,1.0109334092383857,-0.7491309858812176,0.0,0.0,61.64490161877468,0.0,172.98400645061915,0.0,107.32028795770968,107.32028795770968,1,53,214.6159029649596,5.178666875977618,28.3622916376432,55.0,55.0,597.0938066214892,0.0,3995.0,35.0,90.0,55.0
23316770d84039271d2d5a0ad96462314bd76e19ec604fd352fe7d97c2c43ab7e606cdcafdd291d0121e2111b963d5a233d6f28fc5fcb3821641527e1f48c50d.wav,388,66.99875949893523,0.4803007954802792,-1.5859765564266444,0.0,0.0,80.37704589657734,0.0,204.06476467892065,0.0,162.21371070086394,162.21371070086394,1,59,78.50448654037886,1.3420117847020578,0.9958620075188452,60.0,40.0,55.297704857430936,0.0,250.0,40.0,90.0,50.0
5c623dc91f9a4d6399b8f2528bea7105fa8836d81bd585a323242ceb866b756df4d76da2b3590689e94a6ce7ba73c36471b0eea360d0578e9bc4483f52d66b46.wav,587,58.43277161399133,2.5841487914292807,10.173157925274124,0.0,0.0,88.53074661087663,0.0,550.0434795440981,0.0,108.38077559914956,108.38077559914956,1,89,859.0369181380416,1.870096161225253,1.9022462643099072,175.00000000000003,175.00000000000003,1504.0719747313456,35.0,5120.0,90.0,255.0,165.0
5139fac081c44991940ae1588adb97aeea631b969f592112e22011acdf2e7fd9a29f0ae1c1295f6b8e366dc0765ae8425f32795fce8aa5a6a2b498e2b65939f6.wav,313,50.50225919554001,0.0206559430560393,-1.8909631405212783,80.2323486309786,0.0,49.70068005186658,0.0,120.74846419310308,0.0,94.39170989347257,94.39170989347257,1,48,249.43108974358972,2.9536693540652257,7.859698663068899,152.5,150.0,363.448234303917,40.0,1660.0000000000002,67.5,196.25,128.75
367cf4457d3db3e91bac670dfae94615eff5e3b3f42298a49e03a69e7cc09ae282d3a05b086da28d3774920d0ccdd1ddbbd1cceef4093fcc56442846eff52a9e.wav,544,66.8716535341212,3.4481127664593534,24.52303464535681,93.8788616469344,0.0,70.86080256411728,0.0,597.3032069109938,0.0,102.94901232971048,102.94901232971048,1,83,233.0120481927711,3.5239640643159085,11.658432037862486,165.0,190.0,343.2410545689254,0.0,1790.0,77.5,205.00000000000003,127.50000000000004
0ac2698be4946d6c625130ee1dcf4320b9c564c74380e64cb8d012a580aaafe2f535738f744a56834e82be67006d3b56494e2ecf8373a1b8d1e984bb59392487.wav,448,47.43778932016141,0.1019546100704549,-1.864880252114416,0.0,0.0,48.503910360381234,0.0,127.13354377900076,0.0,93.0260073425055,93.0260073425055,1,68,200.5752595155709,3.721305565307536,13.528328414297988,122.5,60.0,321.2910949947694,30.0,1700.0,60.0,173.75,113.75
281fbe37ec8eb917dfd2b0e29b263769f7be866184877d95d9775ad5544f5ccb8fb9354f2c55043516a9f542e5133633f5b551475073af16cab7db60c11bf894.wav,234,64.79974087726022,2.3221650728419494,5.230670908209703,0.0,0.0,111.44710850396817,0.0,457.2026101092094,0.0,119.3374928675252,119.3374928675252,1,36,107.37847222222224,1.7024472114026803,3.579467379111509,112.5,30.0,85.79133016624509,30.0,420.0,30.0,140.15625,110.15625
41d81057003b1724e119e0945cd7fbf52b2929816487859699206fe4fc6dcf7e2b943a63295aab2aa76fe8c9e4be56b5875ab2dd8a02cc397a62898186b29a78.wav,345,45.78342666713952,3.373905246434784,14.967247947324292,0.0,0.0,81.20268280639723,0.0,500.1559079730764,0.0,95.27553231259516,95.27553231259516,1,53,276.41509433962267,3.305269457502785,10.95259492232262,75.0,65.0,507.9809992718404,0.0,2705.0,55.0,215.0,160.0
44cd0689603a97a47d65c71eca9061f4e2f841284df767c50bb9218b37fd56d10de4b83bed01b9331369bd5670fbc84da4d3bb8cea7c1ea2da0bab7799b1cf6b.wav,275,28.673920495236,1.3409147790964115,-0.1000675023719224,0.0,0.0,52.67169744412202,0.0,145.6530938706902,0.0,0.0,0.0,1,42,159.26065162907267,1.3927199718076726,0.663346090732027,76.97368421052632,40.0,166.7045126344745,35.0,635.0,41.25,243.75,202.5
271008eb473344087d52a428dac14de3e3d4ea0fde042aec133640b890b874cfaa89f36ddedca7a28266063e29672df25049b13d7fc46e9f15056201718d11c0.wav,489,59.33900922663666,2.422607641883633,11.09324273047826,0.0,0.0,76.90626628013023,0.0,527.4153172656422,0.0,105.66275417890012,105.66275417890012,1,74,204.51013513513516,3.51650771797302,11.654708149063572,72.5,50.0,389.84159646767847,40.0,2065.0,51.25,160.0,108.75
229ee16ecc0e8ddd9e31e7b5e7751e616abbdc21734b1131964785eb1e0aba340b4a0327c0c7bb145a26d78127ff9da8d8afc3bb620172576448bbd923b83834.wav,385,54.814062625660114,1.245591570104453,4.201518611129386,79.10691216160714,0.0,60.52586947731983,0.0,361.3201371511809,0.0,102.60621022036251,102.60621022036251,1,59,245.3919491525424,2.693662923805953,5.973222097148531,70.0,50.0,478.3665391655595,35.0,2155.0000000000005,52.5,97.5,45.0
2ca1f2b557e485884a1ffd7877daa421a2104d34a018b0329eea9ad465d82e183ed4da72683ea4e124fcbe724a8524d5efc49d5ab280b394957db1a81e422328.wav,522,58.59085024010974,1.8970263254421025,6.586894017478755,0.0,0.0,73.07498240903008,0.0,445.6267595447228,0.0,106.75705298676766,106.75705298676766,1,79,194.36106088004823,2.986771676129556,7.80664777703565,105.0,60.0,280.1490685235232,40.0,1305.0,60.0,167.5,107.5
1081e5801f5d2d230692b3cfc7cff3392f4d676a0ca971a95cdf19b848f6f0ffb96dc0d214251ee3913609739d07f2eada156155853389a3168818b8b104a494.wav,498,42.41305855973189,0.472007013524245,-1.55452921118449,0.0,0.0,51.13222204479348,0.0,153.28867994866036,0.0,94.95570159244689,94.95570159244689,1,76,256.1513157894737,2.517278237792076,5.766394321091333,90.0,50.0,434.8374697859508,35.0,2160.0,55.0,131.25,76.25
518f20d3d04b2576a4bcc2dd08990125e57cd1f3efe2681d84c75e917156fe24e26747fea899167b883e61eae2be7ec2d6082904eca9d309125376ba57e0a1d6.wav,301,47.65857614615153,0.4577224920891545,-1.655680732030095,0.0,0.0,57.89233605572955,0.0,156.1474777577664,0.0,109.4677396886188,109.4677396886188,1,46,300.30193236714973,2.3865346791071294,4.421714808775439,82.5,50.0,547.5236265821015,35.0,2160.0,50.0,137.91666666666666,87.91666666666666
0cd56677b9fa91abdd4319fda9c02ceb8cbe3cbdba567f8c3b3e8d1454e9aaf41d35cdd0c08ff89b05bd63cd53c0bb40f6e6e21d40e523d0a330da9f70bbd394.wav,345,37.05639789952422,0.8251422427240701,-1.0012743904342587,0.0,0.0,52.11475812583697,0.0,178.4842897341063,0.0,93.18407676727963,93.18407676727963,1,53,301.9811320754717,1.8369311327267857,1.6967588957772906,65.0,50.0,499.171331820975,0.0,1735.0,50.0,110.0,60.0
02ed6357a951ff1299e998314262e386be2c20394e8ae12b4e514f86eeee29d26486cb3b15eccb609b4762ad3bfd13aeb6495c206ad22c55125aa2a3b57e8558.wav,837,67.06573911137016,0.4196800505930106,-1.208177106107532,84.75927223166626,0.0,69.52212915445482,0.0,235.4145490766987,0.0,108.49193295060584,108.49193295060584,1,126,113.92857142857144,5.466074778494588,33.06816987405816,60.0,55.0,201.430998803341,35.0,1665.0,55.0,70.0,15.0
28c5ec5030bccea89e72783b0e8f4577691a7f9767e1098f3cd9daceab09d5624878d089e4825fcecf883d47556f8927b88f48a5be33806c6342f247d3a1aefe.wav,309,64.16427403722233,3.050808436051019,17.374344532194847,91.12252847600338,0.0,75.16324343649165,0.0,545.8715752632469,0.0,103.05367554963262,103.05367554963262,1,47,97.57978723404256,6.2039702385984326,38.29093864871266,70.0,70.0,143.50393005945142,0.0,1050.0,60.0,90.0,30.0
14c26429fdc97856863633943aedf18292fddb2a7fa7fb8991d78bf7e27283575a0e23e419886890f30ef6d2808334400cc0cbc04ef437028e3d8f36f6810f8c.wav,606,64.38197937477027,2.21141356039708,11.123211666808997,80.9335255672191,0.0,76.0263934073924,0.0,550.7079196073252,0.0,105.50877633302102,105.50877633302102,1,92,160.70158102766797,3.647981861836483,12.897743348670073,70.0,55.0,306.10371661625123,50.0,1670.0,55.0,75.0,20.0
5af0586ee013112876a2a92684c2d602f2c0c533469c276d7fb0b76acdfd621b356645cebacd9862e5bc3c01b628ced1fba2c934e2754606c4c5876660c43523.wav,385,68.03771119042146,1.65485877360035,5.248090176616074,86.61863083155784,0.0,74.14723568414897,0.0,448.4669837600837,0.0,100.92818967400518,100.92818967400518,1,59,167.72245762711864,3.3095118766983127,9.41688170777515,90.0,55.0,258.9280983197238,35.0,1210.0,60.0,137.5,77.5
1f1bb8594c3bf16eb32ee92fd58dd0da36abfb9833987b93d5ad178b15dd5e3611be098a749bbb54b5f04fe1aeb5f2a98e2f5be206d3048effaeca210e01f993.wav,347,63.23661961879444,2.715878424268764,19.602755948153536,81.4741757066267,0.0,61.92298397598584,0.0,564.5165469198633,0.0,95.69986895463732,95.69986895463732,1,53,72.42587601078166,2.183252961705909,4.299429061741209,65.0,55.0,29.97667544778505,40.0,180.0,55.0,70.0,15.0
26b0e72e222fe4fa4f98fe771014ebad2ca843a927e222d85cce6edcdc805f492b0d726c5302df23de4cba13df1c71726549b2b4341a03397428561617ac5b81.wav,740,94.77380965404753,-0.0082231689713936,-1.4583278904736388,136.9447442651254,0.0,83.69368059843121,0.0,281.63308016406825,0.0,158.76422773603915,158.76422773603915,1,112,113.125,6.920275033748292,56.02868019091252,75.0,40.0,183.7774821528159,0.0,1760.0,50.0,110.0,60.0
602c3d61060664a0c4a752120394de180b5459b59fe0ad76613efa5a15d9d7baf253bce6925e3f9598c119f79caf7437a6304433227dc5ab9706b21b4f34aae6.wav,299,77.01554289294582,1.454385281165444,4.048656639822983,0.0,0.0,91.76637186236978,0.0,515.104536986884,0.0,147.36012604305796,147.36012604305796,1,46,155.67632850241546,5.775808961392894,33.29032843976925,40.0,40.0,502.3661927721765,30.0,3361.111111111111,36.25,60.0,23.75
607bfb98c45fad2d11de025fb92b694682a25ddb4a434c605d1b3d879adf30bd69d61c20e109cab46d567fc6814decd2ed6dcc28714ca1d74e88aeffd1b0d31e.wav,328,98.4217085022033,-0.0357253010254407,-1.6628853743814398,106.00462140398356,0.0,86.84264596304082,0.0,245.31060227269637,0.0,174.81665941133116,174.81665941133116,1,50,78.78235294117647,5.300961152080896,31.170762123080685,55.0,40.0,81.87654243244546,30.0,605.0,40.0,101.25,61.25
596745b531a044929391ac8d7452508968a7a23ac5ce466ff9aefbe3fd1ef7c5e2dcf4bc1517cd973206bccedc8f7c44de93684b905b0912d36509ef2bcce63f.wav,417,66.10829255296892,0.6196289352524735,-1.0130910572393437,0.0,0.0,77.10056109524399,0.0,250.08494624472272,0.0,117.34288129663857,117.34288129663857,1,63,86.66666666666667,4.648387488043369,22.308657967416668,40.0,40.0,154.20302016682885,30.0,1025.0,40.0,65.0,25.0
4fd29afc348be2aa07cb08a45b893cfe6c88913568e9d56c8f408e1782e9903c1c56219ca22d1a26de5234ca501bdb67670418025b2c699af61c7720558d13e7.wav,383,95.10723446426296,0.1795536734623416,-1.4472406190468028,127.33833188666196,0.0,91.24653378934514,0.0,272.2821843973441,0.0,160.39172371516543,160.39172371516543,1,58,155.45617816091956,5.932812933091073,35.94233260673874,77.5,40.0,393.41486957642087,35.0,2845.0,40.0,121.25,81.25
632493cb24943aac39cf952089c577b4e7856380287968d8fedbec31a81d08b09810c53902742168de78479ad2fdc70fd1b19e551da3a0a09b32f0a848f2ae7a.wav,455,91.53235357857602,-0.4064339021495484,-1.316970693994045,112.81089312713117,0.0,66.21912255363755,0.0,237.16061456025352,0.0,152.12006811254298,152.12006811254298,1,69,77.09382151029749,1.3600633702837683,0.3725160680738071,40.0,40.0,57.59171853282198,35.0,215.0,40.0,95.0,55.0
00468cc64f2e6405b780c4f48ec678a15d846b6d1b835c9139f4c3576b8244dda6d366d9804eabee9399cea63bcb897ff06806217b34dd988280bb154f393d81.wav,693,87.9481611176038,-0.0171953300277064,-1.4590630201994452,108.55912200607617,0.0,75.67539554991959,0.0,240.6646793163136,0.0,151.09679437481455,151.09679437481455,1,105,78.95238095238095,4.351209861910104,18.35517114421348,50.0,35.0,106.14162873950032,35.0,625.0,40.0,80.0,40.0
0e686ef87b1501b6e621808b834bd29ecad2d163e6f92f51e4118020ce1feefa6a3edf95ae5a2db2977bf9e55517da4005f5796a95d0500cc53634397f0087a2.wav,381,54.46257243766249,0.1482544043919459,-0.6994782925485188,78.98809352448913,0.0,49.5344580439513,0.0,249.5711836213092,0.0,92.85361611929704,92.85361611929704,1,58,227.0977011494253,3.5961291168036853,13.790667019288133,132.5,80.0,357.20291628803506,60.0,2145.0,80.0,145.0,65.0
0f2094aa38cf6bced015ab381be9bc6ff24188548f627283bc137413b13c424bc681632f8833f4ee18814cac299699018a1b0d7c16b99135973c652862b2882e.wav,381,68.87415189048335,3.024827485617414,10.53217210421778,76.22942310582711,0.0,107.2372450591768,0.0,592.3069450487711,0.0,99.35457804877387,99.35457804877387,1,58,236.6379310344828,5.279493130905496,30.144779016288226,145.0,80.0,421.96419599199135,70.0,3015.0,108.75,183.75,75.0
55ac3a3fe82fba52005ef96d327eb69fefdcc3ed5b463844d04ce4539e0e4b3a0d3e23562651a975bc5629f7b7473db5cdd94ae747084315e42389c90c58fadb.wav,515,33.310113158333245,1.1532831304876443,0.4701740596655903,0.0,0.0,50.52706267026147,0.0,242.06008093178465,0.0,89.77204422058591,89.77204422058591,1,78,227.5539811066127,2.885159220043593,8.561213563070986,122.5,80.0,317.83633510561947,0.0,1845.0,80.0,163.75,83.75
0ad1905e3db39f91d3beb6ba2b5c16b1e05f004c476d2e900eabfd060b1c15136b96be8f95b0044088ce8d4803ed5fe5f12bf2cf6d06199c40c638e843168e5c.wav,417,53.63396873712183,2.7283711482852424,9.971470100409674,0.0,0.0,79.95664922502273,0.0,496.1815607775824,0.0,91.54537589660896,91.54537589660896,1,63,238.4126984126984,1.9186070269882745,2.2710218001080955,125.0,80.0,286.9652727687764,0.0,1085.0,80.0,142.5,62.5
33a533aa9e8a3a052bb4fb02ef10d2ae80f29bf815ec7aee7c51fb8388d1c9527c73395aa2f944ee5781326ac91d98417e320803e0390538a1663e4ae2d49739.wav,525,88.2771407437266,0.78456680130626,1.0196106280517894,125.62621168326376,0.0,90.36122455651572,0.0,416.93744730642254,0.0,151.01772959633374,151.01772959633374,1,80,195.25,4.4193518575909145,18.23564990143074,62.5,45.0,522.0218505963136,25.0,2875.0,50.0,110.0,60.0
2e5d1bd1bb8471b1ccd6e1194c7c3ebc09cd40b41124db8a9fa19d275c875dcb661a593f0ca906b4fd47d9ad71c049f11973d0d2cc5bc60d5f41e22cb04c7282.wav,275,87.20299400272454,0.7949568559176657,-0.3027783965810995,85.99807731703805,0.0,98.92065482462634,0.0,325.25024156240755,0.0,154.54075749705817,154.54075749705817,1,42,140.90225563909777,2.523636512807581,6.283406215821291,55.0,30.0,198.3210688478536,30.0,985.0,30.0,117.5,87.5
34712992b22082c50014a7f70dd5088dc6f167fe6fde36d4929b0b53efc8e486d8bea406c433944b64494811b4effab20269351026883673eadbf7101efdfcf4.wav,232,74.82266050094348,0.4918818638980449,-1.7202364340523826,0.0,0.0,94.51128309398638,0.0,220.19138912964573,0.0,191.78554270006688,191.78554270006688,1,36,362.0436507936508,2.515735312157466,4.788446586309577,125.0,65.0,662.6055974709417,50.0,2440.0,65.0,191.25,126.25
2afa3d37e26d4c0abccf567c24431dba4094eb3d012beacc020b349d3285d5e8fd198f70be95224115543baf16f800191392dbe2fba1cbebbef6fcdf3c1bf563.wav,585,55.81664693128264,3.0764251731976904,16.63188542750372,0.0,0.0,81.74840512495786,0.0,587.0125872496168,0.0,112.57329066943151,112.57329066943151,1,89,179.2134831460674,2.796121071185283,6.12438397877502,35.0,15.0,423.06924213233646,0.0,1715.0,15.0,50.0,35.0
3382f58c3e8268ef8196df2dd123a5be9c87542f33a68fd9e0a0b26f04091e463e4290b66a53d35a400ff94810b86a117bf648e6217de11cee83f18e80dc86ca.wav,525,60.6707983815265,-0.0805753552377093,-1.8689370140443011,94.19881469424328,0.0,56.52165324698444,0.0,157.12699442549493,0.0,110.26347342034327,110.26347342034327,1,80,119.8125,4.037067073726825,16.370265888045402,42.5,15.0,279.3401194668428,0.0,1575.0,20.0,70.0,50.0
3775fea31d0de1fe21deb3c11d363df0776d606878adb9743a9a630008cc082af2d39fb40145620b81078c93a10e3ec0400e023605947a597356d5398c2f4ad2.wav,292,72.3248282070818,3.1472062495896704,12.024177139815103,86.97169403263231,0.0,108.3779919352607,0.0,571.7778596387647,0.0,112.55506559559126,112.55506559559126,1,45,201.77777777777777,2.466445032653861,4.207987010222781,40.0,20.0,434.972739318934,0.0,1540.0,20.0,75.0,55.0
4ff1fdee808c24ac5caf5c020c3d8d6cca47f0b5d8e0755aa88f10fa1aa59afb8a6fdd36754b4970b7bd43777407e49d9edcf233f8c261113d58399ba440f77d.wav,311,39.720633410497,3.035056387212632,17.78758096115191,0.0,0.0,67.50969848174887,0.0,546.3200737221028,0.0,101.39988189417878,101.39988189417878,1,48,78.30729166666667,5.805409120246154,34.60807154862955,22.5,20.0,209.76929440200476,0.0,1445.0,15.0,45.0,30.0
13bf7dc8e51955c3061d23d79a43b0ce3a2b154d1fe2731e93b322dcf2ae13c00411e9c132e9f6e30ffacffab89868a91aa5d557ae59d1833a912d1bec3df3b2.wav,740,58.30443702588065,3.001483442893349,16.23579207152235,0.0,0.0,76.98263022216096,0.0,556.1876105880765,0.0,106.92643504471644,106.92643504471644,1,112,161.1755952380952,3.342739817157369,10.74627877743149,40.0,35.0,355.76959661087056,0.0,2000.0,23.75,70.0,46.25
